kappa = 1.424449
omega = 0.069863