kappa = 1.471292
omega = 0.067591