delta1 = 1.103953
delta2 = 0.138224
kappa = 1.599061
omega0 = 0.012071
theta1 = 0.742989
theta2 = 0.280645