delta1 = 0.133762
delta2 = 0.649510
kappa = 1.598607
omega0 = 0.007428
theta1 = 0.691978
theta2 = 0.716444