delta1 = 0.003867
delta2 = 0.058648
kappa = 1.719114
omega0 = 0.209792
theta1 = 0.045193
theta2 = 0.525604