kappa = 1.706723
omega = 0.035264