kappa = 1.710163
omega = 0.030842