delta1 = 0.055606
delta2 = 0.193425
kappa = 1.707404
omega0 = 0.005931
theta1 = 0.565448
theta2 = 0.894083