# POSITION WT SITE_ENTROPY PI_A PI_C PI_D PI_E PI_F PI_G PI_H PI_I PI_K PI_L PI_M PI_N PI_P PI_Q PI_R PI_S PI_T PI_V PI_W PI_Y
1 M 4.31548 0.0489614 0.0407938 0.0568466 0.043315 0.0483052 0.0488033 0.0474167 0.0473067 0.0538445 0.0529886 0.0610075 0.0511989 0.0488119 0.045472 0.0526746 0.0521904 0.055357 0.0503239 0.0434793 0.0509026
2 S 4.31679 0.050724 0.0468279 0.0599718 0.061884 0.0482004 0.0483666 0.0501929 0.0501656 0.0456158 0.0488641 0.0455993 0.0458166 0.0493145 0.0464642 0.051434 0.05167 0.0489399 0.0549377 0.0471689 0.0478418
3 D 4.22755 0.0549676 0.0193801 0.0795815 0.053868 0.0231908 0.0685338 0.0709384 0.0674561 0.0556078 0.0508181 0.0303668 0.0593667 0.0403524 0.0529924 0.0576886 0.0689067 0.0222713 0.0482261 0.0268552 0.0486315
4 Q 4.23407 0.0521147 0.0390929 0.0107158 0.0240786 0.066451 0.0537154 0.0534634 0.057531 0.044868 0.0702491 0.042351 0.0696131 0.0500422 0.0617312 0.056451 0.0672343 0.0720385 0.0280564 0.0344348 0.0457676
5 E 4.15005 0.0585951 0.000569031 0.0590119 0.0568971 0.0436914 0.0699379 0.0330262 0.000569031 0.078812 0.0449335 0.0653471 0.0404249 0.0652856 0.058939 0.0516368 0.0517052 0.0581735 0.0632892 0.0442579 0.0548976
6 A 4.27714 0.0514231 0.0559777 0.0535702 0.0343356 0.0474972 0.0666274 0.0484583 0.0461292 0.0323081 0.0575229 0.0666248 0.0688147 0.0474752 0.0479396 0.0434501 0.045184 0.0584633 0.0576321 0.0521524 0.0184143
7 K 4.20526 0.043041 0.0334211 0.042701 0.0684002 0.0462832 0.0385709 0.0691446 0.0818499 0.0709351 0.0469753 0.00210169 0.0498143 0.0565462 0.0589864 0.0649945 0.0515065 0.0626376 0.0224573 0.0413424 0.0482905
8 P 4.03524 0.0703629 0.0844242 0.000799185 0.000799185 0.0734515 0.0516097 0.0372761 0.0366919 0.0213396 0.079451 0.0300292 0.032794 0.0796566 0.0966844 0.0722651 0.0678274 0.0325521 0.015169 0.040229 0.076588
9 S 4.28925 0.0556287 0.04878 0.0653768 0.0534251 0.0346601 0.043984 0.0495593 0.0355352 0.0684865 0.0449478 0.0357734 0.0667772 0.0691696 0.0491903 0.0474062 0.0553062 0.0499575 0.0477326 0.0353219 0.0429816
10 T 4.27364 0.0532081 0.0461395 0.0186681 0.02246 0.0513449 0.033691 0.0495484 0.0576591 0.0571459 0.0562699 0.0481107 0.0608354 0.0503531 0.0502066 0.050663 0.0488076 0.0575086 0.0641091 0.0579221 0.0653488
11 E 4.1546 0.0641944 0.0441777 0.058105 0.0714923 0.0282877 0.0968733 0.0526381 0.0066057 0.0632898 0.0756915 0.0833276 0.0218958 0.0334102 0.043633 0.0556493 0.0578361 0.0349456 0.0619175 0.0146958 0.0313338
12 D 4.11009 0.0662366 0.053704 0.0640398 0.0485619 0.0490903 0.0653 0.0567712 0.0658001 0.0523031 0.0508863 0.000640856 0.0667765 0.080158 0.0412652 0.0629759 0.0607785 0.00658057 0.0585072 0.000640856 0.0489831
13 L 4.28799 0.0656924 0.0331515 0.0590636 0.0368827 0.0511993 0.0431496 0.0254467 0.0503293 0.0597153 0.0605565 0.0363765 0.0503838 0.0452033 0.0484554 0.0624213 0.0615503 0.0515712 0.0562252 0.0483902 0.0542359
14 G 4.2143 0.0350325 0.046887 0.0532934 0.0529217 0.0667603 0.0578505 0.0694405 0.0403682 0.0611242 0.0640592 0.0388778 0.0596126 0.000578893 0.0609029 0.0491816 0.0374637 0.0300492 0.060344 0.0451968 0.070055
15 D 4.21944 0.0624465 0.0536012 0.0670849 0.0602526 0.0549591 0.0625678 0.0737238 0.0335481 0.0544636 0.0518577 0.0121681 0.0672819 0.059715 0.0331521 0.0626535 0.0477227 0.020809 0.0629855 0.0179878 0.0410191
16 K 4.29605 0.0553006 0.0399536 0.0294603 0.054328 0.0520241 0.0526227 0.063641 0.0515819 0.0608429 0.0482164 0.0549129 0.0513688 0.0569935 0.0463071 0.0539774 0.0568526 0.0519595 0.0482488 0.0265204 0.0448875
17 K 4.27784 0.0418945 0.0366172 0.0466313 0.0629767 0.0389862 0.037168 0.0454702 0.036301 0.0575328 0.0416181 0.0428902 0.0543419 0.0454948 0.0524345 0.0583186 0.0497787 0.0926344 0.0680962 0.0462789 0.0445358
18 E 4.29218 0.0505346 0.0199901 0.0635723 0.0582304 0.0476203 0.0659906 0.050062 0.0436877 0.0599514 0.04315 0.0556568 0.0522208 0.0469766 0.0539567 0.0497035 0.0504196 0.0395628 0.0478052 0.0556805 0.0452283
19 G 4.29483 0.0459913 0.0436 0.0469171 0.053984 0.0743562 0.0527575 0.0414557 0.0465707 0.0544958 0.0478618 0.0666847 0.0495832 0.0395477 0.0408826 0.0614236 0.0440474 0.0636099 0.0514651 0.0347232 0.0400423
20 E 4.18458 0.0438744 0.0205444 0.0489104 0.0564178 0.0517098 0.0555476 0.0382469 0.051404 0.058367 0.0482329 0.0524091 0.0725292 0.0897211 0.0537732 0.0613589 0.0641192 0.000564428 0.0490134 0.0199547 0.0633017
21 Y 4.26574 0.0359555 0.0612659 0.0264481 0.0255331 0.0696697 0.0342621 0.0793561 0.0466983 0.0509922 0.0413954 0.0460854 0.0452421 0.0520741 0.0643885 0.0452124 0.054906 0.0660314 0.0416236 0.0514077 0.0614523
22 I 3.62542 0.0112721 0.152043 0.00124071 0.00124071 0.0359173 0.0449905 0.038755 0.1238 0.00965727 0.0620265 0.112908 0.00162617 0.0622071 0.0142203 0.0571473 0.0523929 0.135251 0.0808232 0.00124071 0.00124071
23 K 4.09897 0.0479233 0.0346587 0.0311283 0.0543191 0.00202179 0.0296234 0.054183 0.0671898 0.0705741 0.0727241 0.0503939 0.0477823 0.000706034 0.0675714 0.083182 0.0618344 0.0564565 0.0680861 0.0848276 0.0148142
24 L 3.2785 0.0214346 0.13746 0.00186192 0.00186192 0.0356036 0.00821232 0.00202744 0.0950431 0.0700565 0.185844 0.0883064 0.0136146 0.00186192 0.0253203 0.0056374 0.00186192 0.110153 0.190116 0.00186192 0.00186192
25 K 3.69721 0.0595314 0.0414532 0.00110547 0.0191842 0.0152225 0.00110547 0.136398 0.0734346 0.109998 0.00110547 0.0129119 0.0961572 0.0173582 0.0641969 0.108337 0.0774585 0.0793019 0.0824972 0.00110547 0.0021383
26 V 3.47655 0.150244 0.0907206 0.0157062 0.00432703 0.0312674 0.0265628 0.0182025 0.0845102 0.0235988 0.216236 0.0102389 0.00137655 0.0211104 0.0304374 0.00937674 0.0337755 0.0919873 0.137569 0.00137655 0.00137655
27 I 3.93519 0.000959423 0.0532064 0.0351237 0.0394386 0.0731081 0.0086931 0.0463508 0.0957339 0.0824985 0.119535 0.0392945 0.0684394 0.000959423 0.0443899 0.0159151 0.0156914 0.0571956 0.0740548 0.111076 0.0183366
28 G 4.038 0.1278 0.00107896 0.0492675 0.0296727 0.0494729 0.107225 0.0164515 0.0321564 0.0447403 0.00107896 0.0491005 0.0423954 0.0430265 0.0485689 0.0878226 0.0612477 0.0582597 0.0402384 0.059351 0.0510446
29 Q 4.10103 0.0532174 0.0462399 0.0388971 0.0515345 0.000828565 0.000633488 0.0392187 0.0433488 0.0902903 0.054574 0.0488386 0.109431 0.058632 0.0633182 0.0703368 0.0213484 0.0576837 0.0557466 0.0436412 0.0522411
30 D 3.85099 0.102205 0.00109159 0.108585 0.0714655 0.0162527 0.111468 0.0583678 0.00109159 0.029174 0.045989 0.0475817 0.110832 0.0419108 0.0516712 0.0800459 0.00109159 0.0699727 0.0119035 0.00754854 0.0317517
31 S 3.81156 0.0641187 0.0583078 0.000834391 0.0497497 0.10103 0.0617266 0.000834391 0.0503091 0.00531334 0.000834391 0.000834391 0.0742394 0.0489863 0.0552449 0.0907057 0.0831785 0.0501358 0.000834391 0.101168 0.101614
32 S 4.1436 0.0776014 0.0444714 0.0147059 0.0485375 0.0303151 0.0686978 0.0198518 0.0581129 0.0895745 0.0243005 0.0492859 0.0690909 0.0138808 0.0515753 0.0685243 0.0741868 0.0466953 0.095045 0.032711 0.0228359
33 E 3.76717 0.0585636 0.00808785 0.0250014 0.127214 0.00128122 0.00628626 0.00492699 0.138001 0.0766459 0.0567092 0.033345 0.0473165 0.0270147 0.0815817 0.0475223 0.0698087 0.00128122 0.090773 0.00128122 0.0973576
34 I 3.52602 0.0253782 0.0208353 0.00137319 0.00218182 0.19649 0.00137319 0.0389252 0.13692 0.010618 0.0812192 0.0928256 0.0113332 0.0237598 0.0030553 0.057674 0.0344397 0.101741 0.12898 0.00137319 0.0295037
35 H 4.26737 0.0351924 0.0721051 0.0477128 0.0336963 0.0597685 0.0270151 0.0673092 0.0527034 0.0563884 0.0461785 0.0499902 0.050879 0.0207438 0.0536759 0.061453 0.0438157 0.0425504 0.0495484 0.0680658 0.0612081
36 F 3.42995 0.0367764 0.0222668 0.0451377 0.0026573 0.264799 0.0223906 0.125311 0.0469018 0.0140402 0.0120108 0.0026573 0.0026573 0.0243723 0.0411792 0.0313309 0.0201465 0.0640446 0.0356474 0.0026573 0.183015
37 K 3.47422 0.148623 0.00146367 0.0451479 0.0142794 0.00984759 0.0240346 0.0187421 0.00146367 0.145548 0.0784312 0.0455443 0.0421658 0.0124882 0.144617 0.158402 0.00146367 0.0191716 0.00146367 0.0856384 0.00146367
38 V 3.33897 0.0708511 0.0906848 0.0141838 0.00122835 0.0509272 0.00122835 0.00122835 0.159664 0.0280389 0.11246 0.148091 0.00122835 0.00122835 0.00122835 0.00122835 0.00122835 0.117713 0.122715 0.00122835 0.0736161
39 K 3.97819 0.00747985 0.0323936 0.00303226 0.0217301 0.0343801 0.121086 0.0525804 0.00596842 0.100318 0.0559686 0.00100746 0.0637072 0.0594124 0.0690884 0.0869482 0.071735 0.0524709 0.0476413 0.0623611 0.0506907
40 M 4.21599 0.0270632 0.045739 0.0751592 0.0575147 0.019527 0.0462524 0.0406064 0.0644591 0.0619272 0.0690046 0.0629436 0.0562476 0.0581086 0.00531952 0.0480826 0.0538439 0.0622359 0.0623784 0.0338419 0.0497453
41 T 3.75492 0.099268 0.010631 0.0012697 0.0217846 0.0012697 0.0846551 0.0457243 0.0948795 0.0352676 0.0388417 0.134831 0.0175007 0.0716012 0.0392669 0.025595 0.114979 0.126297 0.0012697 0.0094669 0.0256016
42 T 3.85702 0.0903399 0.0765264 0.0517765 0.0267683 0.00125773 0.0491584 0.0448192 0.0296329 0.0607763 0.090035 0.0708295 0.00125773 0.0161283 0.0373422 0.0313639 0.0859789 0.125172 0.108321 0.00125773 0.00125773
43 H 4.27163 0.0583476 0.0711484 0.0505378 0.055681 0.0343659 0.0460764 0.0566831 0.0442266 0.070904 0.0521087 0.0489176 0.0405512 0.0580201 0.0497822 0.0719865 0.036035 0.0427703 0.0529382 0.0189704 0.0399489
44 L 3.00838 0.00222842 0.0528192 0.0252026 0.00222842 0.233113 0.00869982 0.00492252 0.0349787 0.0287258 0.222037 0.235183 0.00222842 0.020724 0.0253659 0.0129613 0.00543725 0.00222842 0.00222842 0.00222842 0.0764595
45 K 4.16286 0.0700861 0.0363985 0.0491261 0.0608841 0.0208196 0.0939427 0.0555664 0.073718 0.0698022 0.0572312 0.0425485 0.0473774 0.0031393 0.0652565 0.0681955 0.0561223 0.0235761 0.053852 0.0317624 0.0205951
46 K 4.03232 0.0742206 0.00731023 0.0318797 0.0136771 0.0505516 0.00290826 0.0798603 0.0777253 0.0844576 0.0576324 0.0206921 0.0582069 0.000846793 0.0667493 0.0872297 0.0372375 0.0484914 0.0604855 0.0660491 0.0737888
47 L 3.27496 0.00246997 0.00246997 0.0537816 0.0101984 0.023796 0.0262194 0.0239518 0.160607 0.00246997 0.24632 0.148831 0.0112429 0.0248964 0.00246997 0.0103535 0.0211281 0.0316676 0.156265 0.00246997 0.0383913
48 K 2.40887 0.00484362 0.00484362 0.00484362 0.00484362 0.00484362 0.00484362 0.00484362 0.133615 0.479248 0.0288001 0.216407 0.0319621 0.00484362 0.00484362 0.00484362 0.00484362 0.00484362 0.0109217 0.0360799 0.00484362
49 E 3.80778 0.109546 0.00102861 0.0595858 0.102578 0.0543012 0.0405029 0.0144349 0.0147818 0.0652217 0.0561235 0.074419 0.013355 0.00102861 0.0547261 0.117004 0.112307 0.00102861 0.0679595 0.00102861 0.0390397
50 S 4.15016 0.0554151 0.0763576 0.0282174 0.0291643 0.077959 0.0210728 0.0375156 0.077701 0.0202453 0.0700927 0.0573474 0.0508867 0.0132318 0.0476253 0.0756299 0.0568372 0.0877034 0.0589649 0.0475171 0.0105154
51 Y 3.41035 0.00796149 0.0200974 0.0237683 0.0134148 0.144271 0.00187405 0.00470991 0.0712688 0.04814 0.00187405 0.00187405 0.0560369 0.0120861 0.0172101 0.0366044 0.00187405 0.0566956 0.0807517 0.213693 0.185795
52 C 3.12203 0.00280785 0.279231 0.00736148 0.0268313 0.00280785 0.0294937 0.00280785 0.00280785 0.00280785 0.00316004 0.0579276 0.00280785 0.0111264 0.0352619 0.0806278 0.21471 0.116913 0.0867071 0.0309942 0.00280785
53 Q 4.07598 0.0564596 0.000589338 0.0630657 0.0715497 0.0711395 0.0205326 0.06841 0.000589338 0.0394895 0.05152 0.0132887 0.0305177 0.04709 0.0588804 0.05844 0.0708899 0.0736689 0.0421715 0.089881 0.0718267
54 R 3.83451 0.0058463 0.0904808 0.0361288 0.0480602 0.0931059 0.0433414 0.0465133 0.062573 0.0557598 0.0892839 0.0506254 0.00127466 0.00127466 0.0718888 0.126874 0.0337849 0.0265919 0.114043 0.00127466 0.00127466
55 Q 4.23403 0.042787 0.0529495 0.0375989 0.0516501 0.0315677 0.0166397 0.0386096 0.0685699 0.0744882 0.0469099 0.0828808 0.0415738 0.0289009 0.0549353 0.0727135 0.0516407 0.0391685 0.0739587 0.0336443 0.0588131
56 G 3.94308 0.052474 0.0342734 0.0581204 0.0496445 0.0548757 0.0961696 0.115961 0.0281128 0.000963648 0.0376018 0.0827393 0.0695551 0.000963648 0.113184 0.0520588 0.0853356 0.0178457 0.0208333 0.0102537 0.0190334
57 V 3.84838 0.094103 0.0198367 0.0080997 0.0103039 0.034954 0.0164169 0.000919598 0.101688 0.0704823 0.0791856 0.056817 0.0350744 0.000919598 0.0409363 0.12802 0.0264529 0.013647 0.091682 0.0657291 0.104733
58 P 3.47451 0.092263 0.00131322 0.00696794 0.0924679 0.00131322 0.0944775 0.00131322 0.00286387 0.120788 0.0910641 0.0725637 0.00131322 0.130113 0.0652354 0.0860116 0.124656 0.00531901 0.00131322 0.00131322 0.00732976
59 M 4.1504 0.0443757 0.0432304 0.124685 0.0509518 0.0635902 0.0213154 0.040591 0.0497384 0.0720436 0.0341898 0.0603261 0.051129 0.050553 0.00315581 0.051372 0.0354206 0.066613 0.0667053 0.0196077 0.0504065
60 N 4.09288 0.0397759 0.024429 0.0828468 0.109435 0.0429294 0.0986089 0.0705351 0.010118 0.0403792 0.0154722 0.0118217 0.0890426 0.0390472 0.0365341 0.0491873 0.0769067 0.0298061 0.0380669 0.0548959 0.0401623
61 S 3.96439 0.0762972 0.072459 0.0377835 0.0177522 0.0684964 0.0480233 0.0436251 0.0227823 0.00597924 0.0760677 0.0592724 0.0100973 0.00111036 0.0401696 0.0581314 0.110409 0.0714718 0.00428847 0.0565903 0.119193
62 L 3.67675 0.000782138 0.0825888 0.00874778 0.000782138 0.0589326 0.000782138 0.0626372 0.109488 0.0181047 0.0782758 0.0656738 0.0248516 0.000782138 0.127872 0.12061 0.0135925 0.0548642 0.108756 0.000782138 0.0610942
63 R 4.04903 0.0121948 0.0486482 0.00104337 0.0537377 0.0363861 0.0200269 0.0719906 0.0700468 0.0469045 0.0598821 0.0520174 0.0655397 0.00104337 0.0331123 0.103837 0.0525287 0.0434489 0.0502879 0.106823 0.0705012
64 F 3.23323 0.0688644 0.049308 0.00453025 0.00287665 0.286281 0.00287665 0.167966 0.0594726 0.00796883 0.0691722 0.00287665 0.00287665 0.023467 0.132971 0.0235657 0.0148745 0.0125597 0.00287665 0.0617389 0.00287665
65 L 3.44807 0.00596257 0.0169784 0.0193221 0.00113692 0.0747899 0.00113692 0.120817 0.0938696 0.00113692 0.113477 0.119902 0.0478918 0.0134287 0.00113692 0.00595077 0.00113692 0.111563 0.107128 0.00113692 0.142099
66 F 3.30232 0.0566874 0.0243848 0.0182097 0.0267924 0.18486 0.0150837 0.192422 0.0337379 0.00185303 0.0139273 0.0254817 0.0450861 0.00641278 0.0062135 0.00185303 0.00185303 0.0106267 0.00502689 0.147691 0.181797
67 E 3.93706 0.0592171 0.0792513 0.0569039 0.0909459 0.10724 0.0724235 0.00699404 0.000912622 0.0293982 0.0653838 0.0962051 0.0916229 0.016527 0.0425239 0.0102374 0.0196463 0.000912622 0.0399471 0.0729737 0.0407332
68 G 3.25459 0.00243462 0.04608 0.0482551 0.0138069 0.00243462 0.242229 0.00243462 0.00243462 0.00243462 0.0535002 0.00243462 0.0975277 0.087664 0.213742 0.0348362 0.0919924 0.00716959 0.00848625 0.0376679 0.00243462
69 Q 4.13469 0.0768822 0.0599198 0.0634296 0.0928403 0.0458143 0.0431903 0.0376789 0.00876739 0.0626383 0.0418014 0.000707103 0.0656021 0.0376318 0.0705273 0.0553239 0.0646973 0.0774489 0.0234491 0.0345428 0.0371071
70 R 4.23156 0.0395013 0.0414888 0.0426893 0.0540726 0.0143285 0.0542001 0.0865672 0.0472946 0.0369611 0.0506255 0.0433121 0.0546914 0.0494855 0.0943847 0.0561074 0.0658943 0.0500119 0.0522276 0.0439519 0.0222043
71 I 2.67844 0.00294045 0.00294045 0.0193148 0.00294045 0.00294045 0.0471142 0.00294045 0.292541 0.14588 0.0181699 0.0039812 0.00294045 0.016592 0.00609079 0.0222461 0.0267148 0.0346431 0.343189 0.00294045 0.00294045
72 A 4.13869 0.0575103 0.0477783 0.0405066 0.00743862 0.042575 0.063934 0.0394752 0.0750983 0.000576136 0.0613961 0.099768 0.0729481 0.0325638 0.0279188 0.0519583 0.0679242 0.0674262 0.0472554 0.0405998 0.0553488
73 D 3.18731 0.00350452 0.0485247 0.34753 0.0221096 0.0745112 0.00890783 0.085763 0.00350452 0.00350452 0.0134121 0.0792342 0.0668519 0.00350452 0.11685 0.00350452 0.00350452 0.0538976 0.00350452 0.00350452 0.0543713
74 N 4.2638 0.0480328 0.0662489 0.0595235 0.045908 0.0599964 0.0612128 0.0380017 0.0383394 0.0610709 0.0572324 0.0341827 0.0578951 0.016112 0.0342582 0.0613577 0.0640058 0.0500931 0.0515792 0.0321651 0.0627842
75 H 4.15634 0.0638601 0.0694504 0.0698301 0.0694338 0.0214218 0.0014619 0.0780832 0.0403355 0.0337064 0.0329978 0.0491671 0.0807417 0.0377088 0.0705099 0.0279416 0.0809912 0.0628041 0.0391149 0.0334707 0.036969
76 T 2.652 0.00333641 0.217355 0.00333641 0.00333641 0.00333641 0.0618109 0.00333641 0.00333641 0.00333641 0.00333641 0.00333641 0.00333641 0.040544 0.00333641 0.0287818 0.225673 0.330782 0.00333641 0.0516799 0.00333641
77 P 2.99276 0.135867 0.269785 0.0221073 0.0491899 0.0118693 0.00382317 0.0149219 0.00266723 0.0607871 0.00266723 0.00266723 0.00266723 0.263783 0.019334 0.0898819 0.0244053 0.015574 0.00266723 0.00266723 0.00266723
78 K 4.18378 0.0431982 0.0232278 0.0633132 0.0570681 0.0680223 0.0837026 0.0366647 0.0606467 0.0564823 0.0172959 0.0591623 0.064704 0.0121548 0.0372326 0.0724576 0.0684371 0.0179191 0.0438477 0.0383962 0.0760667
79 E 3.95663 0.0389506 0.0100418 0.0761818 0.081265 0.00199569 0.077282 0.0393163 0.0341987 0.0604209 0.0691489 0.0919629 0.0331303 0.000813649 0.0433606 0.0283833 0.0342194 0.00780675 0.0995154 0.0476253 0.124381
80 L 2.90418 0.00804264 0.095107 0.049592 0.00333669 0.00333669 0.00333669 0.0226085 0.00333669 0.0603015 0.331319 0.218722 0.0484309 0.00333669 0.00333669 0.00333669 0.00333669 0.00333669 0.00333669 0.0133526 0.119157
81 G 3.96431 0.077636 0.0750367 0.0284735 0.0750187 0.0903101 0.0745935 0.101948 0.0126606 0.028894 0.0665028 0.0546827 0.00587023 0.00140004 0.0674924 0.0385427 0.102628 0.000746063 0.0267472 0.0382994 0.0325173
82 M 3.43915 0.0417181 0.0722759 0.0399829 0.0534126 0.0100969 0.0669402 0.0709141 0.00335335 0.00335335 0.0866578 0.331492 0.0141451 0.019389 0.00335335 0.0416684 0.0395802 0.00335335 0.00963725 0.0225275 0.0661484
83 E 4.1779 0.0685352 0.0429163 0.0487976 0.0590921 0.0208414 0.0588409 0.0216809 0.0585205 0.0693655 0.0642341 0.0694658 0.0479055 0.000591002 0.0269783 0.0564004 0.0666699 0.0741747 0.0560654 0.0347861 0.0541383
84 E 4.22471 0.0420627 0.0826988 0.0507242 0.0583841 0.0555207 0.0592476 0.00995379 0.0349875 0.0563431 0.0196121 0.061977 0.0237945 0.0624756 0.0609255 0.0596866 0.0581838 0.0458728 0.0409709 0.0652109 0.0513676
85 E 4.17589 0.0490266 0.0580905 0.0521181 0.0511264 0.0616232 0.0672199 0.0304955 0.0174851 0.0622001 0.0564703 0.0647195 0.0790501 0.000510972 0.0416705 0.0560992 0.0453401 0.028008 0.0358975 0.0849776 0.0578709
86 D 3.64429 0.0943191 0.0985524 0.109348 0.0872673 0.00110006 0.10445 0.0131752 0.00373811 0.0161289 0.00110006 0.051378 0.115398 0.0191499 0.00330109 0.00630989 0.117943 0.0874936 0.0180709 0.00110006 0.0506768
87 V 4.2007 0.0612754 0.0347318 0.032239 0.0522454 0.0627348 0.0303628 0.0432804 0.0637441 0.05139 0.0660754 0.0645751 0.0432323 0.000603 0.0620766 0.0601241 0.0508731 0.0718783 0.060235 0.024978 0.0633454
88 I 3.22927 0.0207142 0.00240395 0.00320571 0.0278077 0.0289919 0.0260832 0.0334216 0.239566 0.00719384 0.128703 0.0797825 0.00240395 0.0157143 0.0238246 0.0130154 0.0432449 0.0153526 0.265987 0.00240395 0.0201799
89 E 4.08938 0.0410346 0.000714675 0.0523757 0.0713524 0.0575417 0.0671778 0.0137016 0.0690765 0.0321412 0.0682509 0.0516485 0.0585401 0.000714675 0.0273552 0.0390691 0.0593823 0.0712505 0.0512545 0.0883328 0.0790853
90 V 3.4837 0.166095 0.135016 0.0135609 0.00142786 0.0386713 0.0245726 0.0295422 0.0660493 0.00914126 0.0106576 0.0616449 0.00142786 0.0357266 0.00644221 0.00142786 0.0935738 0.149736 0.142128 0.00142786 0.0117305
91 Y 4.03327 0.0477376 0.052199 0.0456699 0.0471632 0.0801092 0.0304776 0.0857094 0.00103132 0.0264151 0.0620451 0.0500465 0.032995 0.00103132 0.0505337 0.048171 0.0200978 0.0249271 0.111653 0.0794423 0.102545
92 Q 4.23155 0.0511847 0.0620289 0.0328702 0.0411835 0.00656788 0.0555497 0.0458366 0.0398098 0.0600354 0.0304412 0.069924 0.0271236 0.0489658 0.0639868 0.0644422 0.0658711 0.0589655 0.0691215 0.053113 0.0529787
93 E 4.19058 0.0404772 0.0464302 0.0470929 0.062784 0.0850133 0.0386883 0.0588306 0.00865286 0.0269924 0.034297 0.0484085 0.0479995 0.0268429 0.0534291 0.0439063 0.0498847 0.111433 0.041754 0.0742232 0.0528599
94 Q 4.17735 0.0734625 0.0589737 0.0199434 0.0341378 0.0525597 0.000723683 0.0447771 0.0443867 0.0371988 0.0755739 0.0580606 0.024261 0.0431743 0.0721242 0.0468476 0.0722708 0.0461938 0.0742338 0.0558321 0.0652646
95 T 3.98514 0.0721617 0.0552474 0.0265868 0.0090928 0.0197367 0.0526082 0.024611 0.0769349 0.045712 0.0809196 0.0793156 0.0310189 0.0180931 0.000777212 0.0845565 0.0622275 0.0773875 0.099204 0.0830315 0.000777212
96 G 3.37151 0.0540969 0.0271071 0.0133252 0.00255183 0.0914239 0.254057 0.0259158 0.00255183 0.00255183 0.051543 0.00255183 0.0359756 0.170667 0.0635538 0.0104048 0.120439 0.0163844 0.0489455 0.00255183 0.00340084
97 G 3.22732 0.0451477 0.029962 0.024615 0.00301631 0.147563 0.29996 0.009372 0.00301631 0.0489165 0.155032 0.00301631 0.00301631 0.00301631 0.00301631 0.0420795 0.0173029 0.082615 0.0509672 0.00301631 0.0253537
98 H 4.31503 0.0528536 0.052834 0.0520551 0.0536896 0.0428556 0.0464943 0.063186 0.0437994 0.0550984 0.0485541 0.0505307 0.0505357 0.0438083 0.0510306 0.0540084 0.0523183 0.047535 0.0508459 0.0423383 0.0456288
99 S 4.31651 0.0546153 0.0499028 0.049731 0.0512094 0.0478923 0.0511466 0.0435129 0.0462226 0.0515244 0.0484519 0.0467241 0.0558704 0.0406623 0.0482344 0.0555421 0.0596685 0.0528003 0.0516124 0.0465714 0.0481051
100 T 4.30103 0.0566901 0.0467821 0.0365324 0.0372426 0.0414106 0.050648 0.0449582 0.0546288 0.054696 0.0545954 0.0608799 0.047255 0.0403577 0.0401565 0.0575346 0.0579765 0.0695382 0.0545037 0.0506411 0.0429726
101 V 4.29921 0.0578398 0.0393407 0.0444032 0.0446811 0.0518435 0.0459183 0.0403535 0.054521 0.0539032 0.0590971 0.0525796 0.0490194 0.026892 0.0492677 0.0637795 0.0513731 0.0485347 0.0641576 0.0447763 0.0577187
