# POSITION WT SITE_ENTROPY PI_A PI_C PI_D PI_E PI_F PI_G PI_H PI_I PI_K PI_L PI_M PI_N PI_P PI_Q PI_R PI_S PI_T PI_V PI_W PI_Y
1 M 4.31586 0.049028 0.0418613 0.0565283 0.0446533 0.0458613 0.0498578 0.048823 0.0476893 0.0527091 0.0547227 0.0610947 0.0494608 0.0484021 0.0459044 0.0535874 0.0518056 0.0556666 0.0504137 0.0438052 0.0481253
2 S 4.32057 0.0518375 0.0478682 0.0528161 0.0528161 0.0492982 0.0494964 0.0512861 0.051337 0.0466045 0.0499347 0.0466348 0.0468171 0.0503888 0.0474658 0.0525761 0.0528022 0.0500357 0.0528161 0.0482361 0.0489325
3 D 4.2298 0.0548469 0.0193883 0.0794121 0.0537672 0.0230636 0.0683933 0.070763 0.0673507 0.0554287 0.0507592 0.0302635 0.0591843 0.0404226 0.0528618 0.0576445 0.0688332 0.0240237 0.0481256 0.026886 0.048582
4 Q 4.24697 0.0541311 0.0405963 0.0113041 0.0248693 0.0641666 0.0556551 0.0555045 0.0596133 0.0465558 0.0641666 0.0438286 0.0641666 0.0519073 0.0640781 0.0586324 0.0641666 0.0641666 0.0290808 0.0358483 0.0475622
5 E 4.16515 0.0608023 0.000608023 0.0608023 0.0607918 0.0470094 0.0608023 0.0352904 0.000608023 0.0608023 0.0479913 0.0608023 0.0434057 0.0608023 0.0608023 0.055201 0.0552919 0.0608023 0.0608023 0.047646 0.0589356
6 A 4.29406 0.0556551 0.055687 0.055687 0.0371036 0.0513354 0.055687 0.0515747 0.0499831 0.0348747 0.055687 0.055687 0.055687 0.0513275 0.0510225 0.0470119 0.048892 0.055687 0.055687 0.055687 0.0200368
7 K 4.20993 0.043472 0.0335834 0.0433511 0.0692356 0.0468607 0.0390272 0.0698397 0.0718787 0.0717838 0.0474808 0.00199243 0.0503956 0.0570876 0.0596645 0.0657448 0.0520897 0.0632455 0.0226369 0.041755 0.0488748
8 P 4.04904 0.071759 0.081481 0.00081481 0.00081481 0.074662 0.052621 0.0379509 0.0372858 0.0217389 0.0810542 0.0333953 0.0333774 0.0811765 0.081481 0.0736216 0.0693074 0.0331814 0.0153911 0.041077 0.077809
9 S 4.30446 0.0583984 0.0514844 0.0583984 0.056336 0.0365122 0.046373 0.050424 0.0374102 0.0583984 0.0473962 0.0377135 0.0583984 0.0583984 0.0503034 0.0500252 0.0583772 0.0527544 0.0502926 0.037216 0.0453899
10 T 4.27818 0.0541749 0.046957 0.0189709 0.0229577 0.0523049 0.0343527 0.0504029 0.058638 0.0582046 0.0572847 0.0489784 0.058638 0.0512733 0.0511415 0.051565 0.0497017 0.0585399 0.058638 0.058638 0.058638
11 E 4.17592 0.0670489 0.0464865 0.0606234 0.0747069 0.029453 0.0748099 0.0549956 0.00655133 0.0660747 0.0748099 0.0748099 0.0226469 0.0344773 0.0454799 0.0581349 0.0604283 0.0362305 0.064695 0.015062 0.0324752
12 D 4.11773 0.0656378 0.0550093 0.0655537 0.0497704 0.0502844 0.0656378 0.0581804 0.0656378 0.0534679 0.0520948 0.000656378 0.0656378 0.0656378 0.0422537 0.0645152 0.0622981 0.00697738 0.0599665 0.000656378 0.0501263
13 L 4.29029 0.0611089 0.0334472 0.0595567 0.0371716 0.0515728 0.0434908 0.0256334 0.0507218 0.0601824 0.0610397 0.0366407 0.05086 0.0455447 0.048823 0.0611089 0.0611089 0.051922 0.0566656 0.0487705 0.0546303
14 G 4.22664 0.0368957 0.0493112 0.0560822 0.0556526 0.0608974 0.0608568 0.0608974 0.0425067 0.0608974 0.0608974 0.0408232 0.0608974 0.000608974 0.0608974 0.0517144 0.0394495 0.0313298 0.0608974 0.0475896 0.0608974
15 D 4.21939 0.0629568 0.0540017 0.0675849 0.06074 0.0554167 0.0630512 0.0676712 0.0338559 0.0548412 0.0522407 0.0110464 0.0676712 0.0602927 0.0334334 0.063159 0.048174 0.0209964 0.0635103 0.0180814 0.041275
16 K 4.29694 0.0554487 0.0400536 0.0296449 0.0544698 0.0522527 0.0528283 0.0610173 0.0516464 0.0609869 0.0483285 0.055129 0.0515009 0.0571275 0.0464249 0.0540977 0.0570051 0.0520332 0.0484112 0.0265763 0.0450172
17 K 4.30416 0.0441774 0.0385862 0.0493108 0.06067 0.0412912 0.0392541 0.0479249 0.038209 0.0606484 0.0438803 0.0452719 0.0572963 0.0479687 0.0552749 0.06067 0.0525004 0.06067 0.06067 0.0487241 0.0470014
18 E 4.2965 0.0512285 0.0203726 0.0590592 0.0590337 0.048438 0.0590592 0.0507766 0.0444288 0.0590592 0.0437225 0.0564348 0.0530022 0.0477821 0.0548041 0.0504218 0.0511881 0.0401852 0.0484896 0.0565659 0.0459478
19 G 4.31181 0.0488294 0.0463174 0.049773 0.0560397 0.0560397 0.0560167 0.043952 0.0494522 0.0560397 0.0508073 0.0560397 0.0525681 0.0419125 0.0433578 0.0560397 0.0467568 0.0560397 0.0546165 0.0369113 0.0424907
20 E 4.20944 0.0472295 0.0220572 0.0526013 0.0606879 0.0558015 0.0598099 0.0411022 0.055301 0.0607113 0.0519239 0.056387 0.0607113 0.0607113 0.0578932 0.0607113 0.0607113 0.000607113 0.0527323 0.0215984 0.0607113
21 Y 4.27942 0.0371892 0.0633843 0.0273415 0.0264273 0.0637573 0.0354383 0.0637573 0.0481385 0.0526996 0.0427673 0.0475526 0.0468026 0.0537847 0.0637573 0.0467015 0.0568188 0.0637573 0.0431551 0.0531662 0.0636032
22 I 3.65094 0.0117626 0.129355 0.00129355 0.00129355 0.0371015 0.0467884 0.0404148 0.129085 0.00951551 0.0646807 0.117749 0.00156276 0.0651624 0.0135677 0.0596498 0.0546907 0.129355 0.084386 0.00129355 0.00129355
23 K 4.10946 0.0493738 0.035698 0.0319605 0.0560107 0.0017786 0.0302623 0.0558495 0.0692792 0.0727017 0.0727584 0.0522091 0.0491987 0.000727584 0.0695582 0.0727584 0.0636346 0.0580442 0.0702395 0.0727584 0.0151986
24 L 3.28096 0.021439 0.13777 0.00187021 0.00187021 0.0355625 0.00866835 0.00200593 0.0959371 0.070664 0.186682 0.0884504 0.0135939 0.00187021 0.0244425 0.00571259 0.00187021 0.110829 0.187021 0.00187021 0.00187021
25 K 3.71728 0.0534898 0.0442726 0.00114348 0.0195722 0.0152629 0.00114348 0.114348 0.0750824 0.113794 0.00114348 0.0136618 0.0990678 0.0180815 0.0663666 0.111952 0.0800141 0.0821124 0.0852663 0.00114348 0.00308132
26 V 3.58923 0.15241 0.0938581 0.0131494 0.00489423 0.0341715 0.0292976 0.0250223 0.0935984 0.0263662 0.15241 0.0107734 0.0015241 0.0234894 0.0343379 0.0172558 0.03309 0.0989436 0.152361 0.0015241 0.0015241
27 I 3.97336 0.000985528 0.054474 0.0443868 0.0454933 0.0750523 0.00928783 0.04828 0.0982436 0.0847269 0.0985528 0.0403898 0.0705021 0.000985528 0.0438704 0.0163898 0.015612 0.0587912 0.0759405 0.0985528 0.0194828
28 G 4.05579 0.109187 0.00109187 0.048428 0.0301938 0.0638267 0.108443 0.0170802 0.0321447 0.0431559 0.00109187 0.0524232 0.0480861 0.0341823 0.0528376 0.0888898 0.0610928 0.0517697 0.0416816 0.0603536 0.05404
29 Q 4.14399 0.0533546 0.0501015 0.0438693 0.0553983 0.000838396 0.000684041 0.0423514 0.0453613 0.0684041 0.0589627 0.0561075 0.0684041 0.0633507 0.0683755 0.0684041 0.0219255 0.0616979 0.0662554 0.0463474 0.0598063
30 D 3.85438 0.102541 0.00109557 0.108842 0.0719332 0.016403 0.109557 0.0587026 0.00109557 0.029222 0.046107 0.0480861 0.109557 0.0418698 0.0519539 0.0802414 0.00109557 0.0701969 0.0120001 0.00767186 0.0318292
31 S 3.83605 0.0679411 0.062595 0.000894786 0.0494158 0.0894786 0.0662528 0.000894786 0.053964 0.00588432 0.000894786 0.000894786 0.0796693 0.0525617 0.0565892 0.0894786 0.0891145 0.0536242 0.000894786 0.0894786 0.0894786
32 S 4.16666 0.0776831 0.0463908 0.0154352 0.0474221 0.0317195 0.0717219 0.02031 0.0606916 0.0776831 0.0252666 0.0515564 0.0720172 0.0147088 0.0536114 0.0715553 0.0775268 0.0486674 0.0776831 0.0343016 0.0240484
33 E 3.77435 0.0591844 0.00747736 0.0255145 0.128452 0.00129285 0.00665415 0.00446162 0.129285 0.0773757 0.0575034 0.0339615 0.0479135 0.0275667 0.0824253 0.0483744 0.0703759 0.00129285 0.0914376 0.00129285 0.0981579
34 I 3.58706 0.0270301 0.0218993 0.00146011 0.00231158 0.146011 0.00146011 0.0414494 0.145504 0.0111225 0.0862171 0.098829 0.0120333 0.025343 0.00330487 0.0614033 0.0366564 0.108119 0.137125 0.00146011 0.0312614
35 H 4.27044 0.0353062 0.0676504 0.0478859 0.0337944 0.0598805 0.0270706 0.0674026 0.0528182 0.056506 0.0462787 0.0501352 0.0510358 0.0208645 0.0537396 0.0615502 0.0439852 0.045436 0.0497155 0.0676504 0.0612939
36 F 3.44823 0.0373544 0.0231986 0.0466881 0.00269628 0.2685 0.0227414 0.11481 0.0481199 0.0199623 0.0125121 0.00269628 0.00269628 0.0255327 0.0425347 0.0314239 0.0205598 0.0534926 0.0366435 0.00269628 0.185141
37 K 3.48406 0.148716 0.00148716 0.0456851 0.0145497 0.0106349 0.0243562 0.0196013 0.00148716 0.14795 0.0794911 0.0455794 0.0430232 0.011943 0.146754 0.148716 0.00148716 0.0187352 0.00148716 0.0868295 0.00148716
38 V 3.3735 0.0757443 0.0908276 0.0151177 0.00131926 0.0543729 0.00131926 0.00131926 0.131926 0.0302928 0.120808 0.131926 0.00131926 0.00131926 0.00131926 0.00131926 0.00131926 0.126459 0.131806 0.00131926 0.0788473
39 K 4.00029 0.00764741 0.038281 0.003027 0.0221083 0.0363841 0.102622 0.0536492 0.00590057 0.102236 0.0566391 0.00102622 0.0649122 0.060562 0.0703288 0.0885652 0.0732422 0.0536336 0.0532517 0.054603 0.05138
40 M 4.22325 0.0276 0.0438107 0.0644719 0.0587295 0.0198042 0.0472114 0.0407771 0.0644719 0.0631797 0.0644719 0.0643486 0.0574769 0.0594128 0.0056584 0.0491427 0.0550847 0.0636336 0.0637751 0.0362348 0.050704
41 T 3.76651 0.0995404 0.00948295 0.00127296 0.0219192 0.00127296 0.0846231 0.0456687 0.0950475 0.0352389 0.0389608 0.127296 0.0180793 0.0717719 0.0394207 0.0253078 0.115295 0.126601 0.00127296 0.00880255 0.0331257
42 T 3.85699 0.0901553 0.0766244 0.0519531 0.0266538 0.00125862 0.0490417 0.0429671 0.0295047 0.0607395 0.090317 0.0704391 0.00125862 0.0161507 0.0390544 0.0315626 0.0859643 0.125226 0.108612 0.00125862 0.00125862
43 H 4.28777 0.05951 0.05951 0.0530138 0.0583892 0.0360216 0.0483838 0.0594027 0.0462899 0.05951 0.0546337 0.0515989 0.0425729 0.05951 0.0521756 0.05951 0.037827 0.0448679 0.0554769 0.0199204 0.0418759
44 L 3.02936 0.0022803 0.0536402 0.0256694 0.0022803 0.22803 0.00879544 0.00531073 0.0357435 0.0294173 0.22709 0.22803 0.0022803 0.0211003 0.0257308 0.0127677 0.00602338 0.0022803 0.0022803 0.0022803 0.0789699
45 K 4.17882 0.0718955 0.0375092 0.0505121 0.062754 0.0212915 0.0718955 0.0571163 0.0718955 0.0717753 0.0589053 0.0438506 0.048727 0.00332098 0.0671235 0.0701248 0.0577335 0.0242064 0.0553769 0.0327784 0.0212076
46 K 4.0303 0.0744456 0.00722402 0.031835 0.0136806 0.0506355 0.00232557 0.0801937 0.0780256 0.0847458 0.0578854 0.0208252 0.0583688 0.00084964 0.0669404 0.084964 0.0373085 0.04867 0.0606584 0.0662814 0.0741372
47 L 3.27457 0.00247183 0.00247183 0.0537244 0.0100691 0.0226006 0.0264279 0.023996 0.160644 0.00247183 0.24649 0.148419 0.0114635 0.0250727 0.00247183 0.0105675 0.0211445 0.0318648 0.156617 0.00247183 0.0385395
48 K 2.41157 0.00485054 0.00485054 0.00485054 0.00485054 0.00485054 0.00485054 0.00485054 0.132681 0.479248 0.0288591 0.21683 0.0324477 0.00485054 0.00485054 0.00485054 0.00485054 0.00485054 0.0119516 0.0349248 0.00485054
49 E 3.82673 0.106091 0.00106091 0.061539 0.105823 0.0558918 0.0415957 0.0145773 0.0154268 0.0671355 0.0579758 0.0768961 0.0137187 0.00106091 0.0564261 0.106091 0.106091 0.00106091 0.070076 0.00106091 0.040402
50 S 4.20105 0.0638534 0.0655387 0.0327767 0.0336133 0.0655387 0.0242092 0.0422724 0.0655387 0.0229706 0.0655387 0.0655387 0.0550403 0.0153832 0.0532966 0.0655387 0.0654735 0.0655387 0.0655387 0.0547266 0.0120747
51 Y 3.43334 0.00765766 0.0208834 0.0246733 0.0141739 0.149403 0.00194141 0.00514866 0.0732533 0.0501952 0.00194141 0.00194141 0.0579221 0.0124869 0.0178716 0.0373524 0.00194141 0.0503929 0.0841715 0.194141 0.192508
52 C 3.11103 0.00287203 0.285326 0.00744144 0.0276893 0.00287203 0.0298293 0.00287203 0.00287203 0.00287203 0.00299712 0.05475 0.00287203 0.0106957 0.0347639 0.0827074 0.21907 0.103725 0.0894244 0.0314761 0.00287203
53 Q 4.10763 0.0634975 0.000661755 0.0661755 0.0661755 0.0661755 0.0230978 0.0661755 0.000661755 0.0444232 0.0578496 0.0146341 0.034123 0.0527874 0.0660915 0.0656231 0.0661755 0.0661755 0.0471454 0.0661755 0.0661755
54 R 3.83235 0.00544881 0.0911914 0.0370461 0.0447523 0.0943142 0.0436012 0.0486213 0.062868 0.056198 0.0899565 0.0507321 0.00128254 0.00128254 0.0666616 0.127626 0.034054 0.0270221 0.114776 0.00128254 0.00128254
55 Q 4.27436 0.0476099 0.0591127 0.041758 0.0574463 0.0351192 0.0185287 0.0427004 0.061248 0.061248 0.0522133 0.061248 0.0464196 0.0320899 0.0611247 0.061248 0.0574066 0.043483 0.061248 0.0375001 0.061248
56 G 3.96967 0.0544026 0.0347934 0.0605141 0.0507314 0.0566972 0.0999924 0.100317 0.0294564 0.00100317 0.0389484 0.0857452 0.0724123 0.00100317 0.100317 0.0543505 0.0886332 0.0185254 0.0216027 0.0107829 0.0197717
57 V 3.88992 0.0978001 0.0206048 0.00818781 0.0111345 0.0370887 0.0175973 0.000978001 0.0978001 0.0749196 0.0841772 0.0604641 0.0367297 0.000978001 0.0446979 0.0978001 0.0283003 0.0152956 0.0975217 0.0701244 0.0978001
58 P 3.4718 0.0919511 0.00130854 0.00615474 0.0925215 0.00130854 0.0943091 0.00130854 0.00218037 0.120505 0.0907205 0.0744923 0.00130854 0.129798 0.0656109 0.0858791 0.124548 0.0053774 0.00130854 0.00130854 0.00810084
59 M 4.20975 0.048851 0.0485456 0.0665172 0.0560296 0.0665172 0.0232995 0.0441924 0.0547601 0.0665172 0.0376988 0.0664453 0.0562739 0.0555202 0.00305716 0.0566695 0.0390624 0.0665172 0.0665172 0.0215018 0.0555064
60 N 4.11538 0.0408225 0.0251334 0.0854458 0.0921574 0.0442375 0.0921574 0.072643 0.0104838 0.0416075 0.0158908 0.0121619 0.0917641 0.040273 0.0375993 0.0506572 0.0791886 0.0305992 0.039289 0.0565408 0.0413476
61 S 3.97117 0.0769753 0.0727628 0.0378449 0.017659 0.0692444 0.0484284 0.0456134 0.0234427 0.00550204 0.0767444 0.0597423 0.0100434 0.00111805 0.0399129 0.0586529 0.111136 0.0717762 0.00462937 0.0569668 0.111805
62 L 3.76492 0.000923441 0.0923441 0.010585 0.000923441 0.0696445 0.000923441 0.0741248 0.0923441 0.0245455 0.0923441 0.0782274 0.0294644 0.000923441 0.0923441 0.0923441 0.0163321 0.0664641 0.0923441 0.000923441 0.0719307
63 R 4.05033 0.0119677 0.0484525 0.00104647 0.0538789 0.0363787 0.0202189 0.0723418 0.0702238 0.0471268 0.0600502 0.0520509 0.0659568 0.00104647 0.0331932 0.104129 0.0529679 0.0434666 0.0501808 0.104647 0.0706756
64 F 3.23458 0.069111 0.0495337 0.00465928 0.0028779 0.286494 0.0028779 0.168206 0.0589788 0.00831222 0.0693421 0.0028779 0.0028779 0.0236616 0.132893 0.0231753 0.0152714 0.0125903 0.0028779 0.0605036 0.0028779
65 L 3.47906 0.00686743 0.0165598 0.025263 0.00118098 0.0778066 0.00118098 0.118098 0.0969819 0.00118098 0.117817 0.118098 0.0498229 0.0141178 0.00118098 0.00609906 0.00118098 0.116127 0.111159 0.00118098 0.118098
66 F 3.3161 0.0577174 0.0242689 0.018498 0.0276789 0.185479 0.0153584 0.186044 0.034049 0.00186044 0.0144453 0.0260354 0.0451064 0.00667172 0.00583535 0.00186044 0.00186044 0.0103103 0.0060254 0.148211 0.182685
67 E 3.95 0.0605282 0.0809003 0.0579789 0.0929283 0.0932084 0.0741491 0.00717202 0.000932084 0.0300383 0.0670666 0.0932084 0.0932084 0.0167109 0.0432711 0.010581 0.0200192 0.000932084 0.0410132 0.0746021 0.0415515
68 G 3.23863 0.00246387 0.0379821 0.0484601 0.0131466 0.00246387 0.245139 0.00246387 0.00246387 0.00246387 0.0538334 0.00246387 0.0988494 0.0887353 0.215974 0.03492 0.0925256 0.00712559 0.0087527 0.0373091 0.00246387
69 Q 4.15244 0.0732702 0.0618781 0.0657765 0.0732702 0.0475907 0.0447928 0.0391199 0.00898731 0.0648308 0.0433656 0.000732702 0.0680479 0.038953 0.0731169 0.0573132 0.0670376 0.0732702 0.0243127 0.0358159 0.0385177
70 R 4.27178 0.0428331 0.0450992 0.0456783 0.0586503 0.0153234 0.0588792 0.060985 0.0513476 0.0401165 0.0549605 0.0470372 0.0594793 0.0537418 0.060985 0.0609216 0.060985 0.0542494 0.0568626 0.047627 0.024238
71 I 2.73616 0.00309029 0.00309029 0.0208256 0.00309029 0.00309029 0.0488526 0.00309029 0.307389 0.153581 0.0176641 0.00534917 0.00309029 0.0176358 0.00580062 0.0237355 0.0284398 0.0369758 0.309029 0.00309029 0.00309029
72 A 4.18308 0.0642265 0.0534086 0.0452052 0.00902787 0.0477538 0.0643483 0.0441507 0.0643483 0.000643483 0.0643483 0.0643483 0.0643483 0.0363381 0.0312511 0.0580841 0.0643483 0.0643483 0.0528243 0.0449845 0.0616636
73 D 3.1859 0.00350696 0.0478591 0.347547 0.0224923 0.0748021 0.00822095 0.0860856 0.00350696 0.00350696 0.0139677 0.0798276 0.0659813 0.00350696 0.117446 0.00350696 0.00350696 0.053346 0.00350696 0.00350696 0.054369
74 N 4.27164 0.049696 0.0599413 0.0599413 0.0473866 0.0599413 0.0599413 0.0392208 0.0396812 0.0599413 0.0591788 0.0352388 0.0598421 0.0166063 0.0354019 0.0599413 0.0599413 0.0517068 0.0533365 0.0331735 0.0599413
75 H 4.15998 0.0638734 0.0695178 0.06978 0.0693134 0.021549 0.00150825 0.0780858 0.0403375 0.0339706 0.032977 0.0537869 0.0783925 0.0377389 0.0705436 0.0278983 0.0783925 0.0628153 0.0390626 0.0334454 0.0370112
76 T 2.64967 0.00334474 0.217586 0.00334474 0.00334474 0.00334474 0.0622272 0.00334474 0.00334474 0.00334474 0.00334474 0.00334474 0.00334474 0.0400198 0.00334474 0.0290894 0.225954 0.331386 0.00334474 0.0502563 0.00334474
77 P 2.99955 0.136439 0.267252 0.0222199 0.0489452 0.0124624 0.00449707 0.0160338 0.00267252 0.0609815 0.00267252 0.00267252 0.00267252 0.264561 0.0191643 0.0900507 0.0240822 0.0146022 0.00267252 0.00267252 0.00267252
78 K 4.22229 0.0484606 0.0259559 0.063331 0.063331 0.063331 0.063331 0.0413011 0.063331 0.063331 0.0194656 0.063331 0.063331 0.0138086 0.0419692 0.063331 0.063331 0.0203114 0.0491222 0.0429647 0.063331
79 E 3.99757 0.0420834 0.0107823 0.0825959 0.088134 0.000920067 0.0838226 0.037247 0.0371681 0.0655652 0.0748826 0.0882751 0.0359757 0.000882751 0.0469193 0.0305146 0.0369346 0.00939738 0.0882751 0.051349 0.0882751
80 L 2.88031 0.00350042 0.0971005 0.0494955 0.00336477 0.00336477 0.00336477 0.021365 0.00336477 0.0608902 0.333992 0.219413 0.0492742 0.00336477 0.00336477 0.00336477 0.00336477 0.00336477 0.00336477 0.0134029 0.117919
81 G 4.01641 0.0791588 0.0791588 0.0303798 0.0791588 0.0791588 0.079054 0.0791588 0.0149962 0.0314439 0.0705263 0.0642872 0.00656294 0.00162578 0.0713552 0.0412552 0.0791588 0.000791588 0.028851 0.0410917 0.0428265
82 M 3.41753 0.0423852 0.0781704 0.0307835 0.0543433 0.00867885 0.0679786 0.0708227 0.00341324 0.00341324 0.0884924 0.337505 0.0144345 0.0195592 0.00341324 0.0421717 0.0407442 0.00341324 0.0112277 0.0222343 0.0568155
83 E 4.19323 0.0628184 0.0455286 0.0517137 0.0627702 0.0220076 0.0622668 0.0227484 0.0626514 0.0628184 0.0628184 0.0628184 0.0506454 0.000628184 0.0285841 0.0596448 0.0628184 0.0628184 0.059582 0.0369114 0.0574072
84 E 4.24011 0.0438171 0.0609876 0.0528933 0.0609423 0.0579423 0.0609876 0.0103221 0.0383657 0.0588068 0.0204298 0.0609876 0.0245865 0.0609876 0.0609876 0.0609876 0.0606921 0.0480138 0.0428024 0.0609876 0.053473
85 E 4.21328 0.0568561 0.0593083 0.0593083 0.0593083 0.0593083 0.0593083 0.035741 0.0201011 0.0593083 0.0593083 0.0593083 0.0593083 0.000593083 0.0485474 0.0593083 0.0525877 0.0322725 0.041602 0.0593083 0.0593083
86 D 3.65937 0.0953508 0.0995783 0.11038 0.0883782 0.00111173 0.105525 0.0138079 0.00452893 0.0167867 0.00111173 0.0518774 0.111173 0.0196402 0.00325242 0.00684854 0.111173 0.0884738 0.0185468 0.00111173 0.0513438
87 V 4.20835 0.0624709 0.0344531 0.0333885 0.0540709 0.0624709 0.0314846 0.0448203 0.0624709 0.0532159 0.0624709 0.0624709 0.0447443 0.000624709 0.0624709 0.0623082 0.0527872 0.0624709 0.0624002 0.0259349 0.0624709
88 I 3.26108 0.0213129 0.00246786 0.00343004 0.0283947 0.0296665 0.0268308 0.0345787 0.245982 0.00690112 0.13194 0.08219 0.00246786 0.0158964 0.0238617 0.0132148 0.0444667 0.0161619 0.246786 0.00246786 0.0209811
89 E 4.09932 0.0421096 0.000732448 0.0536955 0.073129 0.0589162 0.0689094 0.0135287 0.0709585 0.0329127 0.0699438 0.0531471 0.0599759 0.000732448 0.0282527 0.0400466 0.0607101 0.0732448 0.0525647 0.0732448 0.0732448
90 V 3.50941 0.147084 0.139045 0.013818 0.00147084 0.0399141 0.0252949 0.0306339 0.0683439 0.00914351 0.0106175 0.0638686 0.00147084 0.0367919 0.00680593 0.00147084 0.0964872 0.147084 0.146363 0.00147084 0.0128216
91 Y 4.04221 0.0479761 0.0524895 0.045884 0.0474251 0.0804547 0.0306743 0.0862123 0.00103621 0.0265523 0.0622166 0.0533461 0.0331667 0.00119529 0.0508168 0.0485144 0.0202459 0.0251698 0.103621 0.0799039 0.103099
92 Q 4.23611 0.0518115 0.0628382 0.0332049 0.0417003 0.0067182 0.0562817 0.0463993 0.0402505 0.0608376 0.0308908 0.0649562 0.0276034 0.0496316 0.0648165 0.0649562 0.0649562 0.059739 0.0649562 0.0537644 0.0536871
93 E 4.24486 0.0440797 0.0506486 0.0513443 0.068352 0.0684468 0.0421803 0.0640639 0.0093733 0.0294721 0.0372668 0.0526478 0.0523455 0.0293946 0.0582006 0.0479479 0.0542982 0.0684468 0.0454104 0.0684468 0.0576335
94 Q 4.17979 0.0728537 0.0593533 0.0200192 0.0342428 0.0527004 0.000728537 0.0450591 0.044861 0.0375105 0.0728537 0.0585749 0.0244093 0.0432906 0.0725384 0.0470938 0.0726826 0.0464891 0.0728537 0.0561715 0.0657138
95 T 4.01333 0.0741602 0.0567263 0.0355082 0.00954693 0.0204779 0.0540599 0.025183 0.0791034 0.0505039 0.0798156 0.0798156 0.0320273 0.0185562 0.000798156 0.0798156 0.0639866 0.0794857 0.0798156 0.0798156 0.000798156
96 G 3.34702 0.0507537 0.0259246 0.0142203 0.00262784 0.0794494 0.261824 0.0302711 0.00262784 0.00262784 0.0521565 0.00262784 0.0276426 0.176125 0.0655622 0.0106085 0.12352 0.0171918 0.0489837 0.00262784 0.00262784
97 G 3.25375 0.0447753 0.0296406 0.0241075 0.00299674 0.145104 0.298098 0.0192618 0.00299674 0.0486971 0.153431 0.00299674 0.00299674 0.00299674 0.00299674 0.0417416 0.0166059 0.0821382 0.0507719 0.00299674 0.0246506
98 H 4.31527 0.0529378 0.0540355 0.0499812 0.0548537 0.0425856 0.0469234 0.0617086 0.0425398 0.0555426 0.0477799 0.0512489 0.0509166 0.0468496 0.0507818 0.0541214 0.0514887 0.0483082 0.0493792 0.0413404 0.0466772
99 S 4.31781 0.053599 0.0494919 0.0520014 0.0512211 0.0468035 0.0499714 0.0462114 0.0450996 0.0523906 0.047503 0.0469102 0.0554508 0.0456354 0.0472844 0.0543352 0.058385 0.0538367 0.0521575 0.0457151 0.0459969
100 T 4.30196 0.0565129 0.0459538 0.0358832 0.0387131 0.0421752 0.050993 0.0445699 0.05455 0.0528686 0.0546356 0.0603915 0.0494108 0.043 0.04246 0.0556218 0.0580553 0.0719685 0.0530858 0.0477148 0.0414361
101 V 4.30305 0.0570794 0.039936 0.0443042 0.0445725 0.0521792 0.0460296 0.0409636 0.0539802 0.0527529 0.0581474 0.0520534 0.0485315 0.0291753 0.0517685 0.0606062 0.051964 0.049574 0.0638501 0.0446877 0.0578442
