# POSITION WT SITE_ENTROPY PI_A PI_C PI_D PI_E PI_F PI_G PI_H PI_I PI_K PI_L PI_M PI_N PI_P PI_Q PI_R PI_S PI_T PI_V PI_W PI_Y
1 M 4.31586 0.049028 0.0418613 0.0565283 0.0446533 0.0458613 0.0498578 0.048823 0.0476893 0.0527091 0.0547227 0.0610947 0.0494608 0.0484021 0.0459044 0.0535874 0.0518056 0.0556666 0.0504137 0.0438052 0.0481253
2 S 4.3168 0.0507099 0.046827 0.0599454 0.0618696 0.0482259 0.0484197 0.0501706 0.0502204 0.0455908 0.0488485 0.0456204 0.0457988 0.0492928 0.0464333 0.0514325 0.0516536 0.0489474 0.0549383 0.0471869 0.0478681
3 D 4.2298 0.0548469 0.0193883 0.0794121 0.0537672 0.0230636 0.0683933 0.070763 0.0673507 0.0554287 0.0507592 0.0302635 0.0591843 0.0404226 0.0528618 0.0576445 0.0688332 0.0240237 0.0481256 0.026886 0.048582
4 Q 4.23437 0.0521596 0.0391178 0.0108924 0.0239636 0.0663884 0.0536282 0.0534831 0.0574422 0.0448602 0.0703153 0.0422323 0.0695578 0.0500168 0.0617443 0.056497 0.0672391 0.0720677 0.0280217 0.0345427 0.0458299
5 E 4.15033 0.0584991 0.000568178 0.0589861 0.056808 0.0439288 0.0698363 0.0329777 0.000568178 0.0787312 0.0448463 0.065261 0.0405612 0.065195 0.0590782 0.0515836 0.0516685 0.0580809 0.0632248 0.0445236 0.0550734
6 A 4.27699 0.051514 0.056079 0.0536453 0.0343429 0.0475157 0.0667641 0.0477373 0.0462641 0.0322798 0.0575738 0.0668553 0.0689001 0.0475084 0.0472261 0.0435139 0.0452542 0.0585703 0.0576855 0.0522244 0.0185459
7 K 4.20433 0.0429949 0.0332148 0.0428753 0.0684758 0.0463464 0.0385989 0.0690732 0.082065 0.070996 0.0469597 0.00197056 0.0498425 0.0564611 0.0590097 0.0650233 0.051518 0.0625514 0.0223885 0.0412968 0.0483384
8 P 4.03783 0.0702602 0.0839953 0.000797792 0.000797792 0.0731026 0.051522 0.0371583 0.0365071 0.0212848 0.0793613 0.0326979 0.0326803 0.0794811 0.0964486 0.072084 0.0678599 0.0324884 0.0150696 0.040219 0.076184
9 S 4.28881 0.0558218 0.0489598 0.0655717 0.0535735 0.0347218 0.0440991 0.0479514 0.0355758 0.0688078 0.045072 0.0358642 0.0670557 0.0694524 0.0478368 0.0475722 0.0555146 0.0501676 0.0478264 0.0353911 0.0431641
10 T 4.27371 0.0532026 0.0461143 0.0186304 0.0225457 0.0513662 0.0337362 0.0494983 0.0576474 0.05716 0.0562567 0.0480994 0.0608284 0.0503531 0.0502237 0.0506396 0.0488097 0.0574893 0.0641117 0.0579495 0.0653378
11 E 4.1519 0.0642802 0.0445668 0.05812 0.0716219 0.0282367 0.0970447 0.0527245 0.0062808 0.0633462 0.0758535 0.0835585 0.0217117 0.0330535 0.0436019 0.0557342 0.0579329 0.0347343 0.0620234 0.0144401 0.0311341
12 D 4.11076 0.0662493 0.0536962 0.0639889 0.0485823 0.0490841 0.0652697 0.0567916 0.0658032 0.0521916 0.0508512 0.00064071 0.066718 0.0801857 0.0412451 0.0629752 0.060811 0.00681082 0.058535 0.00064071 0.0489297
13 L 4.28795 0.0657753 0.0331848 0.0590894 0.03688 0.0511682 0.0431496 0.0254323 0.0503239 0.0597102 0.0605608 0.0363532 0.050461 0.0451873 0.04844 0.062379 0.0615797 0.0515147 0.0562211 0.0483878 0.0542017
14 G 4.21412 0.0350815 0.0468864 0.0533245 0.052916 0.0667475 0.0578643 0.0694577 0.0404166 0.0611264 0.0640765 0.0388158 0.0596587 0.00057903 0.0609621 0.0491715 0.0375097 0.0297892 0.0603348 0.0452495 0.0700323
15 D 4.21673 0.0625342 0.0536392 0.0671313 0.0603323 0.0550447 0.062628 0.0738278 0.0336286 0.0544731 0.05189 0.0109723 0.0673184 0.059888 0.033209 0.062735 0.0478506 0.0208555 0.063084 0.01796 0.0409979
16 K 4.29614 0.0552978 0.0399446 0.0295643 0.0543215 0.0521105 0.0526845 0.0635728 0.0515058 0.0608209 0.0481969 0.054979 0.0513607 0.056972 0.0462986 0.0539504 0.0568499 0.0518915 0.0482795 0.0265039 0.0448947
17 K 4.27816 0.0418988 0.036596 0.0467674 0.0629734 0.0391615 0.0372294 0.0454531 0.0362383 0.0575203 0.0416171 0.0429368 0.0543411 0.0454945 0.0524239 0.0582932 0.0497926 0.0923677 0.0681067 0.0462111 0.0445772
18 E 4.29239 0.0504703 0.0200711 0.0635247 0.05816 0.0477211 0.0659094 0.0500251 0.0437712 0.0599223 0.0430754 0.0555995 0.0522177 0.0470749 0.0539929 0.0496755 0.0504304 0.0395904 0.0477719 0.0557287 0.0452677
19 G 4.29477 0.0460079 0.043641 0.0468969 0.053952 0.0744809 0.0527799 0.0414123 0.0465947 0.0544923 0.0478715 0.0667459 0.0495306 0.0394907 0.0408524 0.0614325 0.0440551 0.0634887 0.0514606 0.0347785 0.0400355
20 E 4.1847 0.0438831 0.0204944 0.0488743 0.0563878 0.0518477 0.0555721 0.0381899 0.0513826 0.0583682 0.0482448 0.0523917 0.0725577 0.0896419 0.0537912 0.0613227 0.0641079 0.000564096 0.0489959 0.0200681 0.0633141
21 Y 4.26568 0.0359653 0.0612984 0.0264418 0.0255576 0.0697529 0.0342721 0.0793571 0.0465544 0.0509654 0.0413599 0.0459877 0.0452624 0.0520148 0.0643744 0.0451647 0.054949 0.0660603 0.041735 0.0514167 0.0615102
22 I 3.61978 0.0113028 0.152191 0.00124299 0.00124299 0.0356513 0.0449596 0.0388351 0.124039 0.00914359 0.0621525 0.113147 0.00150168 0.0626154 0.0130374 0.0573183 0.0525531 0.135493 0.0810877 0.00124299 0.00124299
23 K 4.09714 0.0479542 0.0346716 0.0310416 0.0544003 0.00172747 0.0293922 0.0542438 0.0672873 0.0706115 0.0727395 0.050708 0.0477842 0.000706665 0.0675583 0.0832281 0.061805 0.0563754 0.0682201 0.084783 0.0147616
24 L 3.2774 0.0213518 0.13721 0.0018626 0.0018626 0.0354178 0.00863309 0.00199777 0.0955469 0.0703766 0.185922 0.0880906 0.0135386 0.0018626 0.0243431 0.00568935 0.0018626 0.110379 0.190328 0.0018626 0.0018626
25 K 3.69847 0.0521037 0.0431253 0.00111385 0.019065 0.0148674 0.00111385 0.137299 0.0731367 0.110845 0.00111385 0.0133078 0.0965005 0.0176129 0.0646468 0.109051 0.0779406 0.0799845 0.0830567 0.00111385 0.00300147
26 V 3.48771 0.150658 0.085322 0.0119535 0.00444911 0.0310637 0.026633 0.0227466 0.0850859 0.0239683 0.217386 0.00979358 0.00138548 0.0213531 0.031215 0.0156864 0.0300805 0.0899449 0.138504 0.00138548 0.00138548
27 I 3.94476 0.000947661 0.0523809 0.0426813 0.0437453 0.0721686 0.00893097 0.0464249 0.0944688 0.0814715 0.117917 0.0388379 0.0677932 0.000947661 0.0421847 0.01576 0.0150122 0.0565322 0.0730226 0.110038 0.0187343
28 G 4.03668 0.126714 0.00107039 0.0474751 0.0295997 0.0625708 0.10631 0.0167441 0.0315122 0.0423067 0.00107039 0.0513918 0.04714 0.0335097 0.051798 0.0871408 0.0598907 0.0507511 0.0408614 0.0591661 0.0529767
29 Q 4.09975 0.0491245 0.0461294 0.0403913 0.0510062 0.000771926 0.000629809 0.0389937 0.0417649 0.0898286 0.054288 0.0516592 0.108511 0.0583281 0.0629546 0.069885 0.0201872 0.0568064 0.0610026 0.0426729 0.0550648
30 D 3.8517 0.102133 0.00109121 0.108408 0.0716469 0.0163377 0.111421 0.058469 0.00109121 0.0291057 0.0459235 0.0478947 0.110801 0.0417032 0.0517472 0.0799221 0.00109121 0.0699175 0.0119524 0.00764133 0.0317025
31 S 3.80907 0.0637943 0.0587745 0.000840172 0.0463997 0.10173 0.062209 0.000840172 0.0506703 0.00552517 0.000840172 0.000840172 0.0748067 0.0493536 0.0531353 0.0912143 0.0836754 0.0503512 0.000840172 0.101764 0.102396
32 S 4.14322 0.0779069 0.0445889 0.0148356 0.0455802 0.0304875 0.0689362 0.0195211 0.0583342 0.0897427 0.0242852 0.0495539 0.06922 0.0141375 0.051529 0.068776 0.0745156 0.0467771 0.0951888 0.0329693 0.0231143
33 E 3.766 0.0586151 0.00740543 0.0252691 0.127217 0.00128042 0.00659014 0.0044187 0.137661 0.0766315 0.0569503 0.0336348 0.0474526 0.0273015 0.0816325 0.047909 0.069699 0.00128042 0.0905581 0.00128042 0.0972137
34 I 3.52572 0.0254355 0.0206074 0.00137397 0.00217521 0.196391 0.00137397 0.0390042 0.13692 0.0104664 0.0811308 0.0929987 0.0113234 0.0238479 0.0031099 0.0577809 0.0344939 0.101741 0.129035 0.00137397 0.0294172
35 H 4.26825 0.035124 0.071907 0.0476388 0.03362 0.0595716 0.026931 0.0670549 0.0525457 0.0562145 0.0460399 0.0498766 0.0507725 0.0207568 0.0534623 0.0612326 0.0437582 0.0452015 0.049459 0.0678554 0.0609777
36 F 3.44823 0.0373544 0.0231986 0.0466881 0.00269628 0.2685 0.0227414 0.11481 0.0481199 0.0199623 0.0125121 0.00269628 0.00269628 0.0255327 0.0425347 0.0314239 0.0205598 0.0534926 0.0366435 0.00269628 0.185141
37 K 3.4731 0.148882 0.0014661 0.0450381 0.0143437 0.0104843 0.0240113 0.0193237 0.0014661 0.145854 0.0783654 0.0449339 0.0424139 0.0117738 0.144675 0.1585 0.0014661 0.0184699 0.0014661 0.0855998 0.0014661
38 V 3.33765 0.0710373 0.0851833 0.0141782 0.00123728 0.050994 0.00123728 0.00123728 0.160493 0.0284104 0.1133 0.149105 0.00123728 0.00123728 0.00123728 0.00123728 0.00123728 0.1186 0.123615 0.00123728 0.0739476
39 K 3.98341 0.00749309 0.0375085 0.00296592 0.0216621 0.0356499 0.120731 0.0525666 0.0057815 0.100173 0.0554961 0.00100551 0.0636023 0.0593399 0.0689096 0.086778 0.0717642 0.0525513 0.0521771 0.0535011 0.0503432
40 M 4.21954 0.0272732 0.043292 0.0680648 0.0580342 0.0195698 0.0466525 0.0402943 0.0651191 0.0624317 0.0697814 0.0635867 0.0567964 0.0587094 0.0055914 0.0485609 0.0544325 0.0628802 0.0630201 0.0358058 0.0501037
41 T 3.75988 0.0987478 0.00940745 0.00126282 0.0217447 0.00126282 0.0839493 0.0453051 0.0942907 0.0349584 0.0386506 0.134244 0.0179353 0.0712004 0.0391068 0.0251063 0.114377 0.125593 0.00126282 0.00873246 0.032862
42 T 3.85699 0.0901553 0.0766244 0.0519531 0.0266538 0.00125862 0.0490417 0.0429671 0.0295047 0.0607395 0.090317 0.0704391 0.00125862 0.0161507 0.0390544 0.0315626 0.0859643 0.125226 0.108612 0.00125862 0.00125862
43 H 4.27177 0.0582979 0.0711107 0.0505469 0.0556722 0.0343455 0.0461325 0.0566386 0.0441359 0.0707821 0.0520915 0.0491979 0.0405919 0.0580682 0.0497477 0.0719771 0.0360668 0.0427802 0.0528955 0.0189934 0.0399273
44 L 3.0083 0.00222791 0.0524079 0.0250796 0.00222791 0.233289 0.00859338 0.00518873 0.0349223 0.0287415 0.221873 0.235267 0.00222791 0.0206156 0.0251397 0.0124744 0.005885 0.00222791 0.00222791 0.00222791 0.0771557
45 K 4.1632 0.0700051 0.0364584 0.0490971 0.060996 0.020695 0.0939113 0.0555162 0.0737419 0.0697646 0.0572552 0.0426222 0.047362 0.00322795 0.0652431 0.0681603 0.0561161 0.0235283 0.0538256 0.0318601 0.0206135
46 K 4.02904 0.0742558 0.0072056 0.0317538 0.0136457 0.0505063 0.00231964 0.0799892 0.0778266 0.0845297 0.0577378 0.0207721 0.05822 0.000847473 0.0667697 0.0872972 0.0372133 0.0485459 0.0605037 0.0661124 0.0739482
47 L 3.27457 0.00247183 0.00247183 0.0537244 0.0100691 0.0226006 0.0264279 0.023996 0.160644 0.00247183 0.24649 0.148419 0.0114635 0.0250727 0.00247183 0.0105675 0.0211445 0.0318648 0.156617 0.00247183 0.0385395
48 K 2.41157 0.00485054 0.00485054 0.00485054 0.00485054 0.00485054 0.00485054 0.00485054 0.132681 0.479248 0.0288591 0.21683 0.0324477 0.00485054 0.00485054 0.00485054 0.00485054 0.00485054 0.0119516 0.0349248 0.00485054
49 E 3.80777 0.109203 0.00102956 0.0597206 0.102696 0.0542403 0.0403666 0.0141465 0.0149709 0.0651517 0.0562626 0.0746238 0.0133133 0.00102956 0.0547588 0.11688 0.112334 0.00102956 0.0680053 0.00102956 0.0392081
50 S 4.14869 0.0557237 0.0766976 0.0286036 0.0293337 0.0783141 0.0211269 0.0368904 0.0780359 0.020046 0.0704981 0.0577933 0.0480327 0.0134247 0.046511 0.0759844 0.0571375 0.0882003 0.0593499 0.0477589 0.0105373
51 Y 3.40406 0.00746148 0.0203484 0.0240412 0.0138107 0.145575 0.00189167 0.00501676 0.0713767 0.0489093 0.00189167 0.00189167 0.0564382 0.012167 0.0174138 0.0363955 0.00189167 0.0491019 0.0820152 0.214786 0.187576
52 C 3.11103 0.00287203 0.285326 0.00744144 0.0276893 0.00287203 0.0298293 0.00287203 0.00287203 0.00287203 0.00299712 0.05475 0.00287203 0.0106957 0.0347639 0.0827074 0.21907 0.103725 0.0894244 0.0314761 0.00287203
53 Q 4.07514 0.0565436 0.000589283 0.0630868 0.0715723 0.071254 0.0205683 0.0685626 0.000589283 0.0395582 0.0515142 0.0130315 0.0303861 0.0470065 0.0588535 0.0584365 0.0709004 0.0737516 0.0419823 0.0898855 0.0719275
54 R 3.83235 0.00544881 0.0911914 0.0370461 0.0447523 0.0943142 0.0436012 0.0486213 0.062868 0.056198 0.0899565 0.0507321 0.00128254 0.00128254 0.0666616 0.127626 0.034054 0.0270221 0.114776 0.00128254 0.00128254
55 Q 4.23377 0.0427851 0.0531222 0.0375262 0.0516247 0.0315602 0.016651 0.0383731 0.0685451 0.0745273 0.046922 0.0830335 0.0417154 0.0288379 0.0549304 0.0727079 0.051589 0.0390764 0.0739793 0.0336999 0.0587934
56 G 3.9427 0.052453 0.0335466 0.0583456 0.0489134 0.0546654 0.0964091 0.115893 0.0284008 0.000967221 0.0375526 0.0826724 0.0698173 0.000967221 0.113387 0.0524028 0.0854569 0.0178615 0.0208285 0.0103965 0.0190631
57 V 3.84907 0.0938766 0.0193545 0.00769096 0.0104588 0.0348381 0.0165295 0.000918654 0.101592 0.0703734 0.0790692 0.056795 0.0345008 0.000918654 0.0419855 0.127998 0.026583 0.0143675 0.091604 0.0658691 0.104676
58 P 3.4718 0.0919511 0.00130854 0.00615474 0.0925215 0.00130854 0.0943091 0.00130854 0.00218037 0.120505 0.0907205 0.0744923 0.00130854 0.129798 0.0656109 0.0858791 0.124548 0.0053774 0.00130854 0.00130854 0.00810084
59 M 4.14874 0.0443836 0.0441061 0.124607 0.0509057 0.0635787 0.0211688 0.040151 0.0497523 0.0720323 0.0342512 0.0603689 0.0511276 0.0504429 0.00277758 0.051487 0.0354902 0.0666855 0.0667177 0.0195355 0.0504303
60 N 4.0927 0.0396349 0.0244022 0.0829601 0.109417 0.0429506 0.0986275 0.0705297 0.0101788 0.0403971 0.0154285 0.0118081 0.0890946 0.0391014 0.0365055 0.0491835 0.0768849 0.0297091 0.038146 0.0548959 0.0401448
61 S 3.96394 0.0763264 0.0721495 0.0375259 0.0175101 0.0686607 0.0480201 0.0452289 0.0232451 0.00545566 0.0760975 0.0592387 0.0099587 0.00110862 0.0395765 0.0581585 0.1102 0.0711712 0.00459035 0.0564866 0.119291
62 L 3.68463 0.000778303 0.0820346 0.00892132 0.000778303 0.0586985 0.000778303 0.0624746 0.108808 0.0206876 0.0779221 0.0659324 0.0248334 0.000778303 0.126918 0.120122 0.0137652 0.0560179 0.108348 0.000778303 0.0606253
63 R 4.04818 0.0119358 0.0483235 0.00104369 0.0537354 0.0362819 0.0201651 0.0721492 0.0700368 0.0470013 0.0598902 0.0519123 0.0657811 0.00104369 0.0331048 0.103851 0.0528269 0.0433508 0.0500472 0.107032 0.0704874
64 F 3.23458 0.069111 0.0495337 0.00465928 0.0028779 0.286494 0.0028779 0.168206 0.0589788 0.00831222 0.0693421 0.0028779 0.0028779 0.0236616 0.132893 0.0231753 0.0152714 0.0125903 0.0028779 0.0605036 0.0028779
65 L 3.45822 0.00657706 0.0158596 0.0241949 0.00113104 0.0745169 0.00113104 0.120655 0.0928814 0.00113104 0.112835 0.119405 0.0477163 0.0135209 0.00113104 0.00584119 0.00113104 0.111217 0.106459 0.00113104 0.141534
66 F 3.30998 0.0573295 0.0241058 0.0183737 0.0274928 0.184232 0.0152552 0.191514 0.0338201 0.00184793 0.0143482 0.0258604 0.0448032 0.00662687 0.00579613 0.00184793 0.00184793 0.010241 0.0059849 0.147215 0.181457
67 E 3.93681 0.0592175 0.0791485 0.0567234 0.090916 0.107259 0.0725434 0.00701672 0.0009119 0.0293878 0.0656144 0.0962471 0.0917176 0.0163491 0.0423341 0.0103519 0.0195857 0.0009119 0.0401251 0.0729866 0.0406518
68 G 3.23863 0.00246387 0.0379821 0.0484601 0.0131466 0.00246387 0.245139 0.00246387 0.00246387 0.00246387 0.0538334 0.00246387 0.0988494 0.0887353 0.215974 0.03492 0.0925256 0.00712559 0.0087527 0.0373091 0.00246387
69 Q 4.13457 0.0768108 0.059707 0.0634687 0.0928487 0.045921 0.0432213 0.0377473 0.00867199 0.0625562 0.0418441 0.000706995 0.0656604 0.0375863 0.0705516 0.0553023 0.0646856 0.0775244 0.0234597 0.0345593 0.0371663
70 R 4.23098 0.0394692 0.0415573 0.042091 0.0540442 0.0141199 0.0542551 0.0867026 0.0473151 0.036966 0.0506442 0.0433431 0.0548081 0.0495212 0.0944212 0.0561371 0.0659978 0.0499889 0.0523969 0.0438866 0.0223345
71 I 2.68122 0.00293866 0.00293866 0.0198038 0.00293866 0.00293866 0.0464556 0.00293866 0.292307 0.146045 0.0167974 0.00508671 0.00293866 0.0167704 0.00551601 0.0225708 0.0270444 0.0351615 0.342932 0.00293866 0.00293866
72 A 4.14045 0.0574657 0.0477865 0.0404466 0.00807755 0.0427269 0.0639471 0.0395031 0.0748943 0.000575747 0.0612816 0.0997781 0.0730335 0.0325129 0.0279615 0.0519699 0.0679042 0.0674494 0.0472638 0.0402492 0.0551725
73 D 3.1859 0.00350696 0.0478591 0.347547 0.0224923 0.0748021 0.00822095 0.0860856 0.00350696 0.00350696 0.0139677 0.0798276 0.0659813 0.00350696 0.117446 0.00350696 0.00350696 0.053346 0.00350696 0.00350696 0.054369
74 N 4.2636 0.0480938 0.0663408 0.0595579 0.0458588 0.0599962 0.0611613 0.0379563 0.0384018 0.0611071 0.0572707 0.0341027 0.0579127 0.0160709 0.0342605 0.0613657 0.064005 0.0500397 0.0516169 0.0321039 0.0627773
75 H 4.15756 0.063567 0.0691843 0.0694452 0.068981 0.0214457 0.00150101 0.0777112 0.040144 0.0338077 0.0328189 0.0535289 0.0802982 0.0375578 0.0702052 0.0277645 0.0805316 0.062514 0.0388752 0.033285 0.0368336
76 T 2.64967 0.00334474 0.217586 0.00334474 0.00334474 0.00334474 0.0622272 0.00334474 0.00334474 0.00334474 0.00334474 0.00334474 0.00334474 0.0400198 0.00334474 0.0290894 0.225954 0.331386 0.00334474 0.0502563 0.00334474
77 P 2.99623 0.136028 0.269463 0.0221528 0.0487976 0.0124248 0.0044835 0.0159854 0.00266446 0.0607976 0.00266446 0.00266446 0.00266446 0.263763 0.0191064 0.089779 0.0240095 0.0145582 0.00266446 0.00266446 0.00266446
78 K 4.18449 0.0431743 0.0231246 0.0632837 0.0570627 0.0680972 0.0836498 0.0367958 0.0606084 0.0564401 0.0173422 0.0591092 0.0646067 0.0123023 0.037391 0.0724198 0.0684088 0.0180958 0.0437638 0.0382779 0.0760461
79 E 3.94807 0.0390514 0.0100054 0.076645 0.0817841 0.000853778 0.0777833 0.0345634 0.0344902 0.0608413 0.0694874 0.09271 0.0333837 0.00081915 0.0435388 0.0283161 0.0342735 0.00872031 0.100205 0.0476494 0.124879
80 L 2.88031 0.00350042 0.0971005 0.0494955 0.00336477 0.00336477 0.00336477 0.021365 0.00336477 0.0608902 0.333992 0.219413 0.0492742 0.00336477 0.00336477 0.00336477 0.00336477 0.00336477 0.00336477 0.0134029 0.117919
81 G 3.9786 0.0762874 0.0739179 0.0281206 0.0737635 0.0890744 0.0731749 0.100188 0.013881 0.0291055 0.0652814 0.0595063 0.00607487 0.00150488 0.0660487 0.0381872 0.100768 0.000732719 0.0267055 0.0380358 0.0396416
82 M 3.41753 0.0423852 0.0781704 0.0307835 0.0543433 0.00867885 0.0679786 0.0708227 0.00341324 0.00341324 0.0884924 0.337505 0.0144345 0.0195592 0.00341324 0.0421717 0.0407442 0.00341324 0.0112277 0.0222343 0.0568155
83 E 4.17726 0.0686261 0.0429198 0.0487505 0.0591734 0.0207465 0.0586989 0.0214449 0.0590614 0.069389 0.0642096 0.069291 0.0477433 0.000592188 0.0269462 0.056227 0.0666515 0.0744467 0.0561679 0.0347963 0.0541176
84 E 4.22574 0.0420076 0.0824488 0.050709 0.0584256 0.0555495 0.0592532 0.00989585 0.0367813 0.0563783 0.0195861 0.0603917 0.0235712 0.0626266 0.0610057 0.0595896 0.0581857 0.046031 0.0410348 0.0652636 0.0512648
85 E 4.1757 0.0489932 0.0579727 0.0521612 0.0511198 0.0618711 0.0672389 0.0307982 0.0173212 0.0621495 0.05647 0.0646635 0.0791215 0.000511063 0.0418336 0.0560693 0.0453152 0.0278094 0.0358486 0.0849019 0.0578301
86 D 3.65246 0.0940947 0.0982666 0.108926 0.087214 0.00109709 0.104134 0.013626 0.00446927 0.0165656 0.00109709 0.0511941 0.115041 0.0193814 0.00320958 0.00675833 0.11755 0.0873083 0.0183025 0.00109709 0.0506675
87 V 4.19978 0.0613198 0.0333039 0.0322748 0.0522673 0.0628565 0.0304344 0.0433253 0.0638269 0.0514409 0.0661585 0.0646687 0.0432518 0.000603872 0.0622232 0.0602299 0.0510265 0.0718706 0.0603188 0.0250698 0.0635283
88 I 3.22849 0.0207772 0.00240585 0.00334384 0.0276811 0.028921 0.0261565 0.0337097 0.2398 0.00672769 0.128625 0.0801245 0.00240585 0.0154969 0.023262 0.0128827 0.0433492 0.0157558 0.265715 0.00240585 0.0204538
89 E 4.08846 0.0410752 0.000714454 0.0523764 0.0713325 0.0574689 0.0672166 0.0131964 0.0692153 0.0321042 0.0682255 0.0518414 0.0585025 0.000714454 0.0275587 0.0390627 0.0592187 0.0715089 0.0512734 0.0883549 0.079039
90 V 3.48507 0.165655 0.134891 0.0134052 0.0014269 0.0387217 0.0245392 0.0297187 0.0663021 0.00887035 0.0103003 0.0619606 0.0014269 0.0356928 0.00660261 0.0014269 0.0936047 0.1496 0.141991 0.0014269 0.0124386
91 Y 4.03536 0.0475766 0.0520523 0.0455018 0.0470301 0.0797846 0.0304189 0.0854942 0.00102758 0.0263312 0.0616984 0.0529018 0.0328905 0.00118534 0.0503935 0.0481103 0.0200773 0.0249601 0.111087 0.0792384 0.10224
92 Q 4.23176 0.0511395 0.0620231 0.0327742 0.0411594 0.00663106 0.0555517 0.0457975 0.0397284 0.0600485 0.0304901 0.0699585 0.0272454 0.0489879 0.0639758 0.0645029 0.0658392 0.0589642 0.0691247 0.0530671 0.0529907
93 E 4.19052 0.0404456 0.0464729 0.0471113 0.0627168 0.085402 0.0387029 0.0587823 0.00860053 0.0270423 0.0341944 0.0483073 0.0480299 0.0269712 0.0534024 0.0439949 0.0498217 0.111223 0.0416666 0.0742299 0.052882
94 Q 4.17722 0.073409 0.0589911 0.0198971 0.0340338 0.0523788 0.000724091 0.0447841 0.0445873 0.0372816 0.075695 0.0582175 0.0242603 0.0430264 0.0720957 0.0468064 0.0722391 0.0462054 0.0742258 0.0558287 0.0653128
95 T 3.99587 0.0713581 0.0545829 0.0341665 0.0091862 0.0197041 0.0520173 0.0242315 0.0761145 0.0485956 0.07974 0.0784473 0.0308172 0.017855 0.000767998 0.0834449 0.0615689 0.0764824 0.0981032 0.0820484 0.000767998
96 G 3.34702 0.0507537 0.0259246 0.0142203 0.00262784 0.0794494 0.261824 0.0302711 0.00262784 0.00262784 0.0521565 0.00262784 0.0276426 0.176125 0.0655622 0.0106085 0.12352 0.0171918 0.0489837 0.00262784 0.00262784
97 G 3.25375 0.0447753 0.0296406 0.0241075 0.00299674 0.145104 0.298098 0.0192618 0.00299674 0.0486971 0.153431 0.00299674 0.00299674 0.00299674 0.00299674 0.0417416 0.0166059 0.0821382 0.0507719 0.00299674 0.0246506
98 H 4.31527 0.0529378 0.0540355 0.0499812 0.0548537 0.0425856 0.0469234 0.0617086 0.0425398 0.0555426 0.0477799 0.0512489 0.0509166 0.0468496 0.0507818 0.0541214 0.0514887 0.0483082 0.0493792 0.0413404 0.0466772
99 S 4.31781 0.053599 0.0494919 0.0520014 0.0512211 0.0468035 0.0499714 0.0462114 0.0450996 0.0523906 0.047503 0.0469102 0.0554508 0.0456354 0.0472844 0.0543352 0.058385 0.0538367 0.0521575 0.0457151 0.0459969
100 T 4.30196 0.0565129 0.0459538 0.0358832 0.0387131 0.0421752 0.050993 0.0445699 0.05455 0.0528686 0.0546356 0.0603915 0.0494108 0.043 0.04246 0.0556218 0.0580553 0.0719685 0.0530858 0.0477148 0.0414361
101 V 4.30305 0.0570794 0.039936 0.0443042 0.0445725 0.0521792 0.0460296 0.0409636 0.0539802 0.0527529 0.0581474 0.0520534 0.0485315 0.0291753 0.0517685 0.0606062 0.051964 0.049574 0.0638501 0.0446877 0.0578442
