# POSITION WT SITE_ENTROPY PI_A PI_C PI_D PI_E PI_F PI_G PI_H PI_I PI_K PI_L PI_M PI_N PI_P PI_Q PI_R PI_S PI_T PI_V PI_W PI_Y
1 M 4.31586 0.049028 0.0418613 0.0565283 0.0446533 0.0458613 0.0498578 0.048823 0.0476893 0.0527091 0.0547227 0.0610947 0.0494608 0.0484021 0.0459044 0.0535874 0.0518056 0.0556666 0.0504137 0.0438052 0.0481253
2 S 4.32032 0.0528494 0.0488026 0.0464112 0.0449677 0.0502606 0.0504626 0.0522873 0.0523392 0.0475143 0.0509095 0.0475452 0.0477311 0.0513725 0.0483924 0.0536025 0.0538329 0.0510125 0.0506411 0.0491777 0.0498877
3 D 4.2298 0.0548469 0.0193883 0.0794121 0.0537672 0.0230636 0.0683933 0.070763 0.0673507 0.0554287 0.0507592 0.0302635 0.0591843 0.0404226 0.0528618 0.0576445 0.0688332 0.0240237 0.0481256 0.026886 0.048582
4 Q 4.25481 0.0560106 0.0420059 0.0116967 0.0257328 0.0618353 0.0575876 0.0574318 0.0616832 0.0481723 0.0583821 0.0453504 0.0590178 0.0537096 0.066303 0.0606683 0.061053 0.0569624 0.0300906 0.037093 0.0492136
5 E 4.1674 0.0626729 0.000645275 0.0621554 0.0645163 0.0498895 0.0524986 0.0374525 0.000645275 0.0465674 0.0509315 0.0561792 0.046065 0.0562361 0.0620585 0.058583 0.0586794 0.0631242 0.0579884 0.0505651 0.0625463
6 A 4.29647 0.0595452 0.0547609 0.0572452 0.039697 0.0549236 0.0459968 0.0551797 0.0534768 0.0373123 0.053339 0.045934 0.0445708 0.0549152 0.0545888 0.0502979 0.0523095 0.0524316 0.0532358 0.0588027 0.0214373
7 K 4.21301 0.043894 0.0339094 0.0437719 0.0699076 0.0473155 0.039406 0.0705175 0.0628702 0.0724806 0.0479416 0.00201176 0.0508847 0.0576417 0.0602436 0.066383 0.0525953 0.0638594 0.0228566 0.0421603 0.0493492
8 P 4.05522 0.0730871 0.0788235 0.000829891 0.000829891 0.0760439 0.0535949 0.0386533 0.0379759 0.0221412 0.0825544 0.0340134 0.0339952 0.082679 0.0686459 0.0749842 0.0705902 0.0337956 0.0156759 0.0418372 0.0792492
9 S 4.30881 0.0606604 0.053755 0.0516408 0.0588206 0.0381225 0.0484182 0.0526479 0.0390601 0.049212 0.0494865 0.0393768 0.0504979 0.0487553 0.052522 0.0522315 0.0609518 0.0550811 0.0525106 0.0388574 0.0473917
10 T 4.28028 0.0550828 0.047744 0.0192888 0.0233425 0.0531815 0.0349284 0.0512476 0.0595569 0.0591801 0.0582448 0.0497992 0.0564423 0.0521326 0.0519986 0.0524292 0.0505347 0.059521 0.0535518 0.0592463 0.0525469
11 E 4.18668 0.069423 0.0481324 0.0627699 0.0773521 0.0304958 0.0572457 0.0569428 0.0067833 0.0684142 0.0732384 0.066485 0.0234488 0.035698 0.0470903 0.0601932 0.0625679 0.0375133 0.0669857 0.0155953 0.033625
12 D 4.11979 0.0648338 0.0561828 0.0669521 0.0508321 0.0513571 0.0658069 0.0594215 0.0652733 0.0546085 0.0532061 0.00067038 0.0643784 0.0535656 0.0431551 0.0658914 0.0636271 0.00712622 0.0612457 0.00067038 0.0511956
13 L 4.29193 0.0567503 0.0336979 0.0600029 0.0374501 0.0519593 0.0438167 0.0258255 0.0511019 0.0606333 0.0614971 0.0369153 0.0512411 0.0458859 0.0491889 0.0598401 0.0606169 0.0523111 0.0570902 0.0491359 0.0550396
14 G 4.23267 0.0386394 0.0516417 0.0587327 0.0582828 0.0553248 0.0637329 0.053166 0.0445156 0.0604124 0.057631 0.0427525 0.0618986 0.000637755 0.0605752 0.0541585 0.041314 0.0328105 0.061205 0.0498387 0.0527298
15 D 4.22109 0.0633471 0.0543364 0.0680039 0.0611166 0.0557602 0.0634421 0.0619937 0.0340658 0.0551812 0.0525645 0.0111149 0.0679882 0.0606665 0.0336407 0.0635505 0.0484726 0.0211266 0.063904 0.0181935 0.0415309
16 K 4.29755 0.0555939 0.0401585 0.0297226 0.0546124 0.0523896 0.0529667 0.0585581 0.0517817 0.0611466 0.048455 0.0552734 0.0516358 0.0572771 0.0465465 0.0542394 0.0571544 0.0521694 0.048538 0.0266459 0.0451351
17 K 4.30668 0.045937 0.0401231 0.0512749 0.0576441 0.0429359 0.0408176 0.0498338 0.0397309 0.063064 0.0456281 0.047075 0.0595785 0.0498793 0.0574765 0.0622722 0.0545915 0.0392999 0.0532994 0.0506648 0.0488735
18 E 4.29863 0.0519347 0.0206534 0.0548407 0.0598475 0.0491058 0.0528565 0.0514766 0.0450413 0.0581376 0.0443252 0.0572127 0.0537328 0.0484408 0.0555595 0.0511168 0.0518937 0.0407392 0.0491581 0.0573457 0.0465812
19 G 4.31321 0.0513054 0.048666 0.0522968 0.0576258 0.0417426 0.0588571 0.0461806 0.0519597 0.0570543 0.0533836 0.04658 0.0552337 0.0440378 0.0455563 0.0506087 0.0491277 0.0489697 0.057386 0.038783 0.0446453
20 E 4.21057 0.0500753 0.0233863 0.0557709 0.0643446 0.0591638 0.0634138 0.0435788 0.0586331 0.0622095 0.0550526 0.0597846 0.0500437 0.0405062 0.0613816 0.0592123 0.0566398 0.000643695 0.0559097 0.0228999 0.0573499
21 Y 4.28558 0.0382822 0.0652473 0.0281452 0.027204 0.0580159 0.0364799 0.0509945 0.0495534 0.0542486 0.0440243 0.0489503 0.0481783 0.0553656 0.0628632 0.0480742 0.0584889 0.0612588 0.0444236 0.054729 0.0654727
22 I 3.67263 0.0121816 0.109411 0.00133962 0.00133962 0.038423 0.0484549 0.0418544 0.133682 0.00985445 0.0669846 0.121943 0.00161843 0.0674834 0.0140509 0.0617744 0.0566388 0.122894 0.0873918 0.00133962 0.00133962
23 K 4.1155 0.0506486 0.0366197 0.0327857 0.0574569 0.00182453 0.0310436 0.0572915 0.0710679 0.0745789 0.0725098 0.0535571 0.050469 0.000746369 0.0713542 0.063372 0.0652776 0.0595429 0.0720531 0.0622097 0.015591
24 L 3.28437 0.021525 0.138323 0.00187772 0.00187772 0.0357052 0.00870313 0.00201398 0.0963221 0.0709476 0.187431 0.0888053 0.0136485 0.00187772 0.0245406 0.00573551 0.00187772 0.111274 0.183759 0.00187772 0.00187772
25 K 3.7274 0.0546697 0.0452492 0.00116871 0.020004 0.0155996 0.00116871 0.0948121 0.0767386 0.116304 0.00116871 0.0139632 0.101253 0.0184804 0.0678306 0.114421 0.0817791 0.0839236 0.0871472 0.00116871 0.00314929
26 V 3.63762 0.150309 0.100655 0.0141016 0.00524864 0.036646 0.0314191 0.0268342 0.100376 0.0282755 0.10417 0.0115535 0.00163446 0.0251904 0.0368245 0.0185054 0.0354861 0.106108 0.163394 0.00163446 0.00163446
27 I 3.99119 0.00101919 0.0563346 0.0459028 0.0470472 0.0776158 0.00960506 0.049929 0.101599 0.0876208 0.0819088 0.0417693 0.0729101 0.00101919 0.0453688 0.0169496 0.0161453 0.0607992 0.0785342 0.0877738 0.0201483
28 G 4.0688 0.0938235 0.0011107 0.0492632 0.0307146 0.0649275 0.110314 0.0173748 0.0326991 0.0439001 0.0011107 0.0533273 0.0489154 0.0347718 0.0537489 0.0904228 0.0621464 0.0526626 0.0424004 0.0613945 0.054972
29 Q 4.14606 0.0565139 0.0530682 0.046467 0.0586786 0.00088804 0.000724546 0.0448592 0.0480473 0.0507996 0.0624541 0.0594298 0.0420534 0.0671019 0.0724243 0.0652967 0.0232238 0.0653513 0.0701787 0.0490918 0.0633477
30 D 3.85696 0.102945 0.00109988 0.10927 0.0722164 0.0164676 0.107718 0.0589337 0.00109988 0.029337 0.0462886 0.0482754 0.108321 0.0420347 0.0521585 0.0805573 0.00109988 0.0704733 0.0120474 0.00770207 0.0319545
31 S 3.85147 0.0718424 0.0661893 0.000946167 0.0522534 0.0781424 0.0700572 0.000946167 0.0570627 0.00622221 0.000946167 0.000946167 0.0842441 0.0555799 0.0598387 0.0871511 0.0942316 0.0567034 0.000946167 0.0781161 0.0776346
32 S 4.17914 0.0769945 0.0479755 0.0159624 0.049042 0.032803 0.074172 0.0210038 0.0627648 0.06684 0.0261297 0.0533176 0.0744773 0.0152113 0.0554427 0.0739996 0.0801751 0.0503299 0.0630159 0.0354733 0.0248699
33 E 3.78144 0.0597239 0.00754552 0.0257471 0.129623 0.00130464 0.00671481 0.00450229 0.121348 0.0780811 0.0580276 0.0342711 0.0483502 0.027818 0.0831767 0.0488153 0.0710174 0.00130464 0.0922712 0.00130464 0.0990527
34 I 3.61463 0.02827 0.0229039 0.00152708 0.00241762 0.106836 0.00152708 0.0433508 0.152179 0.0116328 0.090172 0.103362 0.0125853 0.0265056 0.00345647 0.06422 0.038338 0.113079 0.143415 0.00152708 0.0326954
35 H 4.27214 0.0354795 0.0636282 0.048121 0.0339603 0.0601745 0.0272035 0.0677336 0.0530775 0.0567835 0.0465059 0.0503814 0.0512864 0.0209669 0.0540034 0.0618524 0.0442011 0.045659 0.0499596 0.0674275 0.0615949
36 F 3.44823 0.0373544 0.0231986 0.0466881 0.00269628 0.2685 0.0227414 0.11481 0.0481199 0.0199623 0.0125121 0.00269628 0.00269628 0.0255327 0.0425347 0.0314239 0.0205598 0.0534926 0.0366435 0.00269628 0.185141
37 K 3.49353 0.14844 0.0015074 0.0463068 0.0147477 0.0107797 0.0246876 0.019868 0.0015074 0.149963 0.0805728 0.0461996 0.0436086 0.0121055 0.148751 0.139432 0.0015074 0.0189902 0.0015074 0.0880111 0.0015074
38 V 3.39193 0.0799559 0.0958779 0.0159583 0.00139262 0.0573962 0.00139262 0.00139262 0.10736 0.0319772 0.127525 0.11556 0.00139262 0.00139262 0.00139262 0.00139262 0.00139262 0.13349 0.139134 0.00139262 0.0832315
39 K 4.01077 0.00778087 0.038949 0.00307983 0.0224941 0.0370191 0.086961 0.0545855 0.00600355 0.10402 0.0576276 0.00104413 0.0660451 0.0616189 0.0715562 0.0901109 0.0745204 0.0545696 0.0541811 0.0555559 0.0522767
40 M 4.22577 0.0279107 0.0443039 0.0610251 0.0593908 0.0200272 0.047743 0.0412361 0.0637857 0.063891 0.0595239 0.065073 0.058124 0.0600817 0.0057221 0.049696 0.0557049 0.06435 0.0644932 0.0366428 0.0512749
41 T 3.77225 0.100298 0.00955509 0.00128264 0.022086 0.00128264 0.0852668 0.0460161 0.0957706 0.035507 0.0392572 0.120657 0.0182168 0.0723179 0.0397206 0.0255004 0.116172 0.127564 0.00128264 0.00886951 0.0333777
42 T 3.85699 0.0901553 0.0766244 0.0519531 0.0266538 0.00125862 0.0490417 0.0429671 0.0295047 0.0607395 0.090317 0.0704391 0.00125862 0.0161507 0.0390544 0.0315626 0.0859643 0.125226 0.108612 0.00125862 0.00125862
43 H 4.29179 0.0602948 0.0494308 0.0551869 0.0607826 0.0374982 0.0503672 0.0618378 0.0481874 0.0496603 0.0568733 0.0537141 0.044318 0.0605333 0.0543143 0.0488358 0.0393776 0.0467072 0.057751 0.0207369 0.0435925
44 L 3.0494 0.00233243 0.0548666 0.0262563 0.00233243 0.222747 0.00899654 0.00543216 0.0365607 0.0300899 0.232283 0.220875 0.00233243 0.0215828 0.0263191 0.0130596 0.0061611 0.00233243 0.00233243 0.00233243 0.0807755
45 K 4.18391 0.0734046 0.0383642 0.0516636 0.0641845 0.0217769 0.0547186 0.0584183 0.0696848 0.0734115 0.0602481 0.0448502 0.0498377 0.00339669 0.0686536 0.0717233 0.0590495 0.0247582 0.0566393 0.0335256 0.021691
46 K 4.03143 0.0746308 0.00724199 0.0319142 0.0137146 0.0507614 0.00233135 0.0803932 0.0782197 0.0849566 0.0580294 0.020877 0.058514 0.000851753 0.0671069 0.0826875 0.0374013 0.0487911 0.0608093 0.0664463 0.0743217
47 L 3.27457 0.00247183 0.00247183 0.0537244 0.0100691 0.0226006 0.0264279 0.023996 0.160644 0.00247183 0.24649 0.148419 0.0114635 0.0250727 0.00247183 0.0105675 0.0211445 0.0318648 0.156617 0.00247183 0.0385395
48 K 2.41157 0.00485054 0.00485054 0.00485054 0.00485054 0.00485054 0.00485054 0.00485054 0.132681 0.479248 0.0288591 0.21683 0.0324477 0.00485054 0.00485054 0.00485054 0.00485054 0.00485054 0.0119516 0.0349248 0.00485054
49 E 3.84203 0.102857 0.00109098 0.0632834 0.108822 0.0574762 0.0427748 0.0149905 0.0158641 0.0690386 0.0596192 0.0790758 0.0141076 0.00109098 0.0580256 0.096101 0.0999901 0.00109098 0.0720624 0.00109098 0.0415472
50 S 4.21741 0.0714658 0.0546995 0.0366842 0.0376205 0.0535704 0.0270953 0.047312 0.0537614 0.0257091 0.0595097 0.0725918 0.061602 0.0172172 0.0596504 0.0552129 0.073279 0.0475659 0.070688 0.0612509 0.0135142
51 Y 3.45695 0.00783918 0.0213785 0.0252582 0.0145098 0.152944 0.00198743 0.00527071 0.0749898 0.0513851 0.00198743 0.00198743 0.0592951 0.0127829 0.0182953 0.0382379 0.00198743 0.0515874 0.0861668 0.175038 0.197071
52 C 3.11103 0.00287203 0.285326 0.00744144 0.0276893 0.00287203 0.0298293 0.00287203 0.00287203 0.00287203 0.00299712 0.05475 0.00287203 0.0106957 0.0347639 0.0827074 0.21907 0.103725 0.0894244 0.0314761 0.00287203
53 Q 4.11779 0.0702425 0.000732049 0.0683795 0.0602725 0.0605418 0.0255514 0.0629184 0.000732049 0.049142 0.0639946 0.0161886 0.0377477 0.0583948 0.073112 0.0725939 0.0608437 0.0584915 0.0521534 0.0479927 0.0599749
54 R 3.83235 0.00544881 0.0911914 0.0370461 0.0447523 0.0943142 0.0436012 0.0486213 0.062868 0.056198 0.0899565 0.0507321 0.00128254 0.00128254 0.0666616 0.127626 0.034054 0.0270221 0.114776 0.00128254 0.00128254
55 Q 4.28357 0.0519304 0.0644772 0.0455475 0.0626595 0.0383062 0.0202102 0.0465754 0.0536447 0.0493387 0.0569516 0.0442843 0.0506321 0.035002 0.0666718 0.0505734 0.0626162 0.047429 0.0497042 0.0409032 0.0625424
56 G 3.98764 0.0561626 0.0359191 0.0624719 0.0523727 0.0585315 0.103227 0.0864309 0.0304093 0.00103563 0.0402085 0.0885192 0.074755 0.00103563 0.0883418 0.0561089 0.0915006 0.0191247 0.0223016 0.0111317 0.0204113
57 V 3.91228 0.100852 0.021713 0.00862816 0.0117333 0.0390834 0.0185437 0.0010306 0.0931927 0.0789489 0.0887043 0.0637159 0.038705 0.0010306 0.0471018 0.0739668 0.0298224 0.0161183 0.102767 0.0738957 0.0904471
58 P 3.4718 0.0919511 0.00130854 0.00615474 0.0925215 0.00130854 0.0943091 0.00130854 0.00218037 0.120505 0.0907205 0.0744923 0.00130854 0.129798 0.0656109 0.0858791 0.124548 0.0053774 0.00130854 0.00130854 0.00810084
59 M 4.21281 0.052011 0.0516858 0.0343475 0.059654 0.0673174 0.0248067 0.0470511 0.0583023 0.0594171 0.0401374 0.0707435 0.059914 0.0591117 0.00325492 0.0603352 0.0415893 0.0641811 0.0641502 0.0228927 0.0590969
60 N 4.1304 0.0418841 0.025787 0.0876678 0.0773223 0.0453879 0.0857808 0.0745321 0.0107565 0.0426895 0.016304 0.0124782 0.0941505 0.0413203 0.0385771 0.0519745 0.0812478 0.031395 0.0403107 0.0580111 0.0424229
61 S 3.97725 0.0775883 0.0733422 0.0381462 0.0177996 0.0697958 0.048814 0.0459766 0.0236293 0.00554585 0.0773555 0.060218 0.0101233 0.00112695 0.0402308 0.05912 0.112021 0.0723478 0.00466624 0.0574204 0.104732
62 L 3.78768 0.00105581 0.10017 0.0121022 0.00105581 0.0796273 0.00105581 0.0847498 0.0755218 0.0280638 0.105456 0.0894405 0.0336878 0.00105581 0.0647455 0.0684088 0.0186732 0.075991 0.0758425 0.00105581 0.0822412
63 R 4.05236 0.0119989 0.048579 0.0010492 0.0540195 0.0364737 0.0202717 0.0725307 0.0704072 0.0472498 0.0602069 0.0521867 0.066129 0.0010492 0.0332798 0.104401 0.0531062 0.0435801 0.0503118 0.10231 0.0708601
64 F 3.23458 0.069111 0.0495337 0.00465928 0.0028779 0.286494 0.0028779 0.168206 0.0589788 0.00831222 0.0693421 0.0028779 0.0028779 0.0236616 0.132893 0.0231753 0.0152714 0.0125903 0.0028779 0.0605036 0.0028779
65 L 3.49108 0.00713383 0.0172022 0.0262431 0.00122679 0.080825 0.00122679 0.115002 0.100744 0.00122679 0.122387 0.116206 0.0517557 0.0146655 0.00122679 0.00633566 0.00122679 0.120632 0.115471 0.00122679 0.0980368
66 F 3.32181 0.0580968 0.0244284 0.0186196 0.0278608 0.186698 0.0154593 0.180694 0.0342728 0.00187266 0.0145402 0.0262065 0.0454029 0.00671556 0.0058737 0.00187266 0.00187266 0.0103781 0.006065 0.149185 0.183886
67 E 3.95888 0.0617255 0.0825006 0.0591258 0.0947665 0.0808117 0.0756158 0.0073139 0.000950521 0.0306325 0.0683933 0.0900579 0.0945054 0.0170415 0.0441271 0.0107903 0.0204152 0.000950521 0.0418245 0.0760778 0.0423735
68 G 3.23863 0.00246387 0.0379821 0.0484601 0.0131466 0.00246387 0.245139 0.00246387 0.00246387 0.00246387 0.0538334 0.00246387 0.0988494 0.0887353 0.215974 0.03492 0.0925256 0.00712559 0.0087527 0.0373091 0.00246387
69 Q 4.16064 0.0695092 0.0637759 0.067794 0.0575027 0.0490504 0.0461667 0.0403197 0.00926296 0.0668192 0.0446957 0.000755175 0.070135 0.0401477 0.0753595 0.059071 0.0690938 0.0688694 0.0250584 0.0369144 0.0396991
70 R 4.27135 0.0453359 0.0477343 0.0483474 0.0620773 0.0162187 0.0623196 0.0418365 0.0543479 0.0424605 0.0581718 0.0497856 0.0629547 0.056882 0.0384165 0.0644813 0.0549615 0.0574192 0.0601852 0.0504099 0.0256542
71 I 2.78084 0.00323325 0.00323325 0.021789 0.00323325 0.00323325 0.0511126 0.00323325 0.321609 0.160686 0.0184812 0.00559663 0.00323325 0.0184516 0.00606897 0.0248335 0.0297555 0.0386864 0.277063 0.00323325 0.00323325
72 A 4.19073 0.0702108 0.0583849 0.0494171 0.00986904 0.0522032 0.0633341 0.0482644 0.0540766 0.000703439 0.0660889 0.0405904 0.0554544 0.0397239 0.0341629 0.0634961 0.0596433 0.0600455 0.0577462 0.0491759 0.067409
73 D 3.1859 0.00350696 0.0478591 0.347547 0.0224923 0.0748021 0.00822095 0.0860856 0.00350696 0.00350696 0.0139677 0.0798276 0.0659813 0.00350696 0.117446 0.00350696 0.00350696 0.053346 0.00350696 0.00350696 0.054369
74 N 4.27717 0.0512674 0.0540702 0.0602281 0.048885 0.0597881 0.0586493 0.040461 0.0409359 0.0587013 0.0610499 0.036353 0.0617343 0.0171314 0.0365213 0.0584538 0.0560435 0.0533418 0.055023 0.0342224 0.0571395
75 H 4.16218 0.0641734 0.0698444 0.0701078 0.0696391 0.0216503 0.00151533 0.0784526 0.040527 0.0341302 0.033132 0.0540396 0.0765228 0.0379162 0.070875 0.0280294 0.0763009 0.0631104 0.0392461 0.0336025 0.037185
76 T 2.64967 0.00334474 0.217586 0.00334474 0.00334474 0.00334474 0.0622272 0.00334474 0.00334474 0.00334474 0.00334474 0.00334474 0.00334474 0.0400198 0.00334474 0.0290894 0.225954 0.331386 0.00334474 0.0502563 0.00334474
77 P 3.00282 0.136849 0.265053 0.0222866 0.0490921 0.0124998 0.00451056 0.0160819 0.00268055 0.0611646 0.00268055 0.00268055 0.00268055 0.265355 0.0192218 0.090321 0.0241545 0.014646 0.00268055 0.00268055 0.00268055
78 K 4.23794 0.0535933 0.028705 0.0624452 0.069253 0.0580312 0.0472417 0.0456754 0.0652015 0.0700169 0.0215272 0.0668553 0.0611664 0.0152711 0.0464143 0.0545674 0.0577668 0.0224627 0.054325 0.0475153 0.0519653
79 E 4.01745 0.0446159 0.0114311 0.0875663 0.0934376 0.000975434 0.0888668 0.0394884 0.0394048 0.0695108 0.0793888 0.0826901 0.0381406 0.000935873 0.0497428 0.0323509 0.0391572 0.00996289 0.0765056 0.0544391 0.0613889
80 L 2.88031 0.00350042 0.0971005 0.0494955 0.00336477 0.00336477 0.00336477 0.021365 0.00336477 0.0608902 0.333992 0.219413 0.0492742 0.00336477 0.00336477 0.00336477 0.00336477 0.00336477 0.00336477 0.0134029 0.117919
81 G 4.03067 0.0809911 0.0835874 0.0323623 0.0837623 0.0693645 0.0842127 0.0616702 0.0159748 0.0334957 0.0751285 0.0684823 0.0069912 0.00173187 0.0760115 0.0439474 0.061315 0.000843243 0.0307337 0.0437731 0.0456212
82 M 3.41753 0.0423852 0.0781704 0.0307835 0.0543433 0.00867885 0.0679786 0.0708227 0.00341324 0.00341324 0.0884924 0.337505 0.0144345 0.0195592 0.00341324 0.0421717 0.0407442 0.00341324 0.0112277 0.0222343 0.0568155
83 E 4.20008 0.0571617 0.0480101 0.0545324 0.0661915 0.0232071 0.0656606 0.0239883 0.0660661 0.0565332 0.0610934 0.0566132 0.0534058 0.000662422 0.0301421 0.0628957 0.0588551 0.0526925 0.0628295 0.0389233 0.0605361
84 E 4.24319 0.045386 0.0447982 0.0547871 0.0631243 0.060017 0.0623352 0.0106917 0.0397394 0.0609124 0.0211613 0.06116 0.0254668 0.0589775 0.0605445 0.0619833 0.0628652 0.049733 0.044335 0.0565945 0.0553876
85 E 4.21688 0.0644735 0.0592885 0.065894 0.0672364 0.0555528 0.0511179 0.0405294 0.0227942 0.055304 0.0608661 0.0531538 0.0434409 0.000672542 0.0550516 0.0613011 0.0596333 0.0365962 0.0471756 0.0404833 0.0594347
86 D 3.66518 0.0965645 0.100846 0.111785 0.0895031 0.00112588 0.106868 0.0139837 0.00458658 0.0170004 0.00112588 0.0525378 0.10737 0.0198901 0.00329382 0.00693571 0.105079 0.0895999 0.0187829 0.00112588 0.0519973
87 V 4.21358 0.0635067 0.0355653 0.0344662 0.0558163 0.061954 0.0325009 0.0462671 0.0610121 0.0549337 0.0588619 0.060218 0.0461886 0.000644875 0.0625846 0.0643194 0.0544912 0.0541837 0.0644144 0.0267721 0.0612989
88 I 3.28949 0.0218222 0.00252684 0.00351201 0.0290733 0.0303755 0.027472 0.0354051 0.251861 0.00706605 0.135094 0.0841543 0.00252684 0.0162763 0.0244319 0.0135307 0.0455294 0.0165482 0.228786 0.00252684 0.0214825
89 E 4.1041 0.0430182 0.000748251 0.054854 0.0747068 0.0601874 0.0703962 0.0138206 0.0724895 0.0336228 0.0714528 0.0542937 0.0612699 0.000748251 0.0288623 0.0409106 0.06202 0.0747586 0.0536988 0.060505 0.0676363
90 V 3.52832 0.130234 0.14293 0.0142041 0.00151194 0.0410294 0.0260017 0.0314899 0.0702537 0.00939901 0.0109142 0.0656533 0.00151194 0.03782 0.00699611 0.00151194 0.0991834 0.14421 0.150453 0.00151194 0.0131799
91 Y 4.04786 0.0483518 0.0529005 0.0462433 0.0477964 0.0810847 0.0309145 0.0868873 0.00104433 0.0267602 0.0627038 0.0537638 0.0334264 0.00120465 0.0512147 0.0488942 0.0204044 0.0253668 0.0966029 0.0805295 0.103906
92 Q 4.2392 0.052453 0.0636162 0.0336161 0.0422166 0.00680138 0.0569785 0.0469738 0.0407488 0.0615909 0.0312732 0.0602664 0.0279452 0.0502462 0.065619 0.0653637 0.0640371 0.0604787 0.0609934 0.0544301 0.0543518
93 E 4.2537 0.0468159 0.0537925 0.0545314 0.0725948 0.0534596 0.0447986 0.0680406 0.00995512 0.0313015 0.03958 0.0559158 0.0555947 0.0312192 0.0618133 0.0509241 0.0576686 0.0410486 0.0482292 0.0615056 0.061211
94 Q 4.18207 0.0722906 0.0597079 0.0201388 0.0344473 0.0530152 0.000732889 0.0453283 0.045129 0.0377346 0.0701075 0.0589248 0.0245551 0.0435492 0.0729717 0.0473751 0.0731168 0.0467668 0.0714952 0.056507 0.0661063
95 T 4.02304 0.0767238 0.0586873 0.0367356 0.00987695 0.0211857 0.0559286 0.0260535 0.0818378 0.0522497 0.07953 0.0808405 0.0331344 0.0191976 0.000825747 0.0759989 0.0661985 0.0822334 0.0646434 0.0772925 0.000825747
96 G 3.34702 0.0507537 0.0259246 0.0142203 0.00262784 0.0794494 0.261824 0.0302711 0.00262784 0.00262784 0.0521565 0.00262784 0.0276426 0.176125 0.0655622 0.0106085 0.12352 0.0171918 0.0489837 0.00262784 0.00262784
97 G 3.25375 0.0447753 0.0296406 0.0241075 0.00299674 0.145104 0.298098 0.0192618 0.00299674 0.0486971 0.153431 0.00299674 0.00299674 0.00299674 0.00299674 0.0417416 0.0166059 0.0821382 0.0507719 0.00299674 0.0246506
98 H 4.31527 0.0529378 0.0540355 0.0499812 0.0548537 0.0425856 0.0469234 0.0617086 0.0425398 0.0555426 0.0477799 0.0512489 0.0509166 0.0468496 0.0507818 0.0541214 0.0514887 0.0483082 0.0493792 0.0413404 0.0466772
99 S 4.31781 0.053599 0.0494919 0.0520014 0.0512211 0.0468035 0.0499714 0.0462114 0.0450996 0.0523906 0.047503 0.0469102 0.0554508 0.0456354 0.0472844 0.0543352 0.058385 0.0538367 0.0521575 0.0457151 0.0459969
100 T 4.30196 0.0565129 0.0459538 0.0358832 0.0387131 0.0421752 0.050993 0.0445699 0.05455 0.0528686 0.0546356 0.0603915 0.0494108 0.043 0.04246 0.0556218 0.0580553 0.0719685 0.0530858 0.0477148 0.0414361
101 V 4.30305 0.0570794 0.039936 0.0443042 0.0445725 0.0521792 0.0460296 0.0409636 0.0539802 0.0527529 0.0581474 0.0520534 0.0485315 0.0291753 0.0517685 0.0606062 0.051964 0.049574 0.0638501 0.0446877 0.0578442
