# POSITION WT SITE_ENTROPY PI_A PI_C PI_D PI_E PI_F PI_G PI_H PI_I PI_K PI_L PI_M PI_N PI_P PI_Q PI_R PI_S PI_T PI_V PI_W PI_Y
1 M 4.31548 0.0489614 0.0407938 0.0568466 0.043315 0.0483052 0.0488033 0.0474167 0.0473067 0.0538445 0.0529886 0.0610075 0.0511989 0.0488119 0.045472 0.0526746 0.0521904 0.055357 0.0503239 0.0434793 0.0509026
2 S 4.32056 0.0518504 0.0478678 0.0528376 0.0528376 0.0492707 0.0494407 0.0513075 0.0512796 0.0466287 0.0499492 0.0466119 0.0468341 0.0504096 0.047496 0.0525762 0.0528174 0.0500267 0.0528376 0.0482163 0.0489042
3 D 4.22755 0.0549676 0.0193801 0.0795815 0.053868 0.0231908 0.0685338 0.0709384 0.0674561 0.0556078 0.0508181 0.0303668 0.0593667 0.0403524 0.0529924 0.0576886 0.0689067 0.0222713 0.0482261 0.0268552 0.0486315
4 Q 4.24669 0.0540897 0.0405745 0.0111219 0.0249911 0.064157 0.0557511 0.0554896 0.0597113 0.0465684 0.064157 0.043956 0.064157 0.0519387 0.0640706 0.0585904 0.064157 0.064157 0.0291197 0.0357398 0.0475021
5 E 4.16493 0.0608761 0.000608761 0.0608761 0.0608696 0.0467419 0.0608761 0.0353321 0.000608761 0.0608761 0.0480708 0.0608761 0.0432474 0.0608761 0.0608761 0.0552422 0.0553153 0.0608761 0.0608761 0.047348 0.0587306
6 A 4.29395 0.0555477 0.0555866 0.0555866 0.0370896 0.0513069 0.0555866 0.0523451 0.0498292 0.0348995 0.0555866 0.0555866 0.0555866 0.0512831 0.0517847 0.0469351 0.0488082 0.0555866 0.0555866 0.0555866 0.0198913
7 K 4.21077 0.0435134 0.0337879 0.0431697 0.0691509 0.0467912 0.0389942 0.0699035 0.071773 0.0717137 0.0474909 0.00212475 0.0503611 0.0571668 0.0596338 0.0657078 0.0520718 0.0633251 0.0227038 0.0417962 0.0488205
8 P 4.04666 0.0718922 0.0816554 0.000816554 0.000816554 0.0750479 0.0527314 0.0380862 0.0374893 0.0218034 0.0811778 0.0306818 0.0335068 0.0813878 0.0816554 0.0738357 0.0693015 0.0332596 0.0154987 0.0411033 0.0782526
9 S 4.30453 0.0581645 0.0512833 0.0581645 0.0561667 0.0364387 0.0462411 0.0521025 0.0373587 0.0581645 0.0472543 0.0376091 0.0581645 0.0581645 0.0517146 0.049839 0.0581443 0.0525211 0.0501821 0.0371345 0.0451873
10 T 4.2781 0.0541781 0.0469807 0.0190085 0.0228695 0.052281 0.0343052 0.0504517 0.058644 0.0581878 0.0572957 0.0489878 0.058644 0.0512711 0.0511219 0.0515866 0.0496974 0.0585571 0.058644 0.058644 0.058644
11 E 4.17858 0.0669586 0.0460799 0.0606069 0.0745707 0.0295058 0.0746172 0.0549047 0.00689014 0.066015 0.0746172 0.0746172 0.0228386 0.0348489 0.0455118 0.0580455 0.0603265 0.0364503 0.0645836 0.0153285 0.032683
12 D 4.11702 0.0656509 0.0550157 0.0656041 0.0497481 0.0502894 0.0656509 0.0581579 0.0656509 0.0535806 0.0521292 0.000656509 0.0656509 0.0656509 0.0422731 0.0645141 0.062263 0.00674131 0.0599363 0.000656509 0.0501795
13 L 4.29029 0.0611103 0.0334106 0.0595252 0.0371709 0.0515994 0.0434869 0.0256456 0.0507227 0.060182 0.0610297 0.0366608 0.0507776 0.0455566 0.0488341 0.0611103 0.0611103 0.0519743 0.0566647 0.0487683 0.0546598
14 G 4.22682 0.0368447 0.0493124 0.0560502 0.0556592 0.0608838 0.060843 0.0608838 0.0424564 0.0608838 0.0608838 0.0408889 0.0608838 0.000608838 0.0608838 0.0517257 0.0394017 0.0316036 0.0608838 0.0475348 0.0608838
15 D 4.22211 0.0628695 0.0539643 0.0675393 0.0606607 0.0553313 0.0629916 0.0675939 0.0337753 0.0548324 0.052209 0.0122506 0.0675939 0.0601194 0.0333766 0.0630779 0.0480459 0.0209499 0.0634121 0.0181096 0.0412969
16 K 4.29686 0.0554543 0.0400647 0.0295422 0.054479 0.0521687 0.052769 0.0610384 0.0517253 0.061012 0.0483504 0.0550655 0.0515115 0.0571519 0.0464358 0.0541274 0.0570106 0.0521039 0.0483829 0.0265941 0.0450123
17 K 4.30409 0.0441844 0.0386187 0.0491801 0.0606954 0.0411171 0.0391996 0.0479556 0.0382852 0.0606776 0.043893 0.0452346 0.0573122 0.0479815 0.0553006 0.0606954 0.0524996 0.0606954 0.0606954 0.0488085 0.0469702
18 E 4.2963 0.0512916 0.0202896 0.0591245 0.0591027 0.0483336 0.0591245 0.0508119 0.0443421 0.0591245 0.0437964 0.0564905 0.053003 0.0476803 0.0547649 0.0504481 0.0511749 0.0401554 0.0485213 0.0565145 0.0459058
19 G 4.31181 0.0488105 0.0462726 0.049793 0.056036 0.056036 0.0559914 0.0439968 0.0494254 0.056036 0.0507957 0.056036 0.0526226 0.0419719 0.0433886 0.056036 0.0467474 0.056036 0.0546198 0.0368516 0.0424968
20 E 4.20935 0.0472144 0.0221084 0.0526337 0.0607126 0.0556463 0.0597762 0.0411585 0.0553172 0.0607395 0.0519046 0.0563987 0.0607395 0.0607395 0.0578667 0.0607395 0.0607395 0.000607395 0.0527446 0.0214737 0.0607395
21 Y 4.2795 0.0371833 0.063358 0.0273513 0.026405 0.0637101 0.0354321 0.0637101 0.0482929 0.0527334 0.042809 0.0476591 0.046787 0.0538523 0.0637101 0.0467563 0.0567809 0.0637101 0.0430449 0.0531632 0.0635508
22 I 3.65678 0.0117314 0.129127 0.00129127 0.00129127 0.0373808 0.0468237 0.0403342 0.128844 0.0100508 0.0645539 0.117509 0.00169243 0.0647419 0.0147997 0.0594759 0.0545277 0.129127 0.0841165 0.00129127 0.00129127
23 K 4.11141 0.0493507 0.035691 0.0320555 0.055937 0.00208201 0.0305058 0.0557968 0.069191 0.0726762 0.0727063 0.0518949 0.0492054 0.000727063 0.069584 0.0727063 0.0636762 0.058138 0.0701141 0.0727063 0.0152554
24 L 3.28193 0.021519 0.138001 0.00186925 0.00186925 0.0357438 0.00824467 0.00203543 0.0954175 0.0703325 0.186576 0.0886543 0.0136682 0.00186925 0.0254201 0.00565961 0.00186925 0.110586 0.186925 0.00186925 0.00186925
25 K 3.71567 0.0611112 0.0425533 0.0011348 0.0196933 0.0156264 0.0011348 0.11348 0.0753834 0.112917 0.0011348 0.0132545 0.0987089 0.0178188 0.0659005 0.111212 0.079514 0.0814063 0.0846864 0.0011348 0.00219504
26 V 3.57629 0.151464 0.0998212 0.0172818 0.00476109 0.034404 0.0292274 0.0200285 0.0929878 0.0259661 0.151464 0.011266 0.00151464 0.0232281 0.0334907 0.0103174 0.0371637 0.101215 0.151369 0.00151464 0.00151464
27 I 3.96437 0.000998075 0.0553499 0.0365387 0.0410274 0.0760534 0.00904332 0.0482181 0.0995906 0.085822 0.0998075 0.0408776 0.0711966 0.000998075 0.0461782 0.0165562 0.0163236 0.0594998 0.0770382 0.0998075 0.0190753
28 G 4.05761 0.110087 0.00110087 0.050268 0.0302753 0.0504776 0.109403 0.0167856 0.0328095 0.0456489 0.00110087 0.0500976 0.0432564 0.0439003 0.0495553 0.0896061 0.0624915 0.0594428 0.0410555 0.0605563 0.0520812
29 Q 4.14672 0.0578457 0.0502614 0.0422799 0.0560165 0.000900625 0.000688582 0.0426295 0.0471188 0.0688582 0.0593203 0.0530861 0.0688582 0.0637312 0.068825 0.0688582 0.0232051 0.0627005 0.0605949 0.0474366 0.0567845
30 D 3.85367 0.102614 0.00109595 0.109019 0.0717512 0.0163176 0.109595 0.0586012 0.00109595 0.0292907 0.0461728 0.0477719 0.109595 0.0420783 0.0518777 0.0803659 0.00109595 0.0702524 0.0119511 0.00757872 0.0318786
31 S 3.83792 0.0682667 0.0620799 0.00088837 0.0529681 0.088837 0.0657198 0.00088837 0.0535637 0.00565707 0.00088837 0.00088837 0.0790422 0.0521553 0.0588188 0.088837 0.0885595 0.0533792 0.00088837 0.088837 0.088837
32 S 4.1671 0.0773838 0.0462839 0.0153053 0.0505157 0.0315506 0.0714976 0.0206609 0.0604814 0.0773838 0.025291 0.0512946 0.0719069 0.0144466 0.0536774 0.0713171 0.0772104 0.0485984 0.0773838 0.0340442 0.0237667
33 E 3.7758 0.0591479 0.00816855 0.0252509 0.128484 0.001294 0.00634899 0.00497615 0.1294 0.0774106 0.0572751 0.0336777 0.0477886 0.0272843 0.0823957 0.0479964 0.0705052 0.001294 0.0916787 0.001294 0.098329
34 I 3.58759 0.0269742 0.0221457 0.00145955 0.00231904 0.145955 0.00145955 0.0413733 0.145531 0.0112858 0.0863272 0.0986635 0.012046 0.0252541 0.00324745 0.0613012 0.0366057 0.10814 0.137092 0.00145955 0.0313592
35 H 4.26955 0.035373 0.0678799 0.0479576 0.0338692 0.0600751 0.0271537 0.0676545 0.0529738 0.0566776 0.0464154 0.0502467 0.05114 0.0208502 0.0539513 0.0617683 0.0440405 0.0427687 0.0498026 0.0678799 0.0615221
36 F 3.42995 0.0367764 0.0222668 0.0451377 0.0026573 0.264799 0.0223906 0.125311 0.0469018 0.0140402 0.0120108 0.0026573 0.0026573 0.0243723 0.0411792 0.0313309 0.0201465 0.0640446 0.0356474 0.0026573 0.183015
37 K 3.48528 0.148489 0.00148489 0.0458025 0.0144864 0.00999037 0.0243831 0.0190138 0.00148489 0.147658 0.0795683 0.0462046 0.0427771 0.0126692 0.146714 0.148489 0.00148489 0.0194495 0.00148489 0.08688 0.00148489
38 V 3.37426 0.0755411 0.0966877 0.0151227 0.00130966 0.0542983 0.00130966 0.00130966 0.130966 0.0298949 0.119905 0.130966 0.00130966 0.00130966 0.00130966 0.00130966 0.00130966 0.125505 0.130838 0.00130966 0.0784891
39 K 3.99519 0.00763515 0.0330661 0.00309522 0.0221812 0.0350939 0.102838 0.0536721 0.00609234 0.102401 0.0571306 0.00102838 0.0650299 0.0606459 0.0705228 0.0887535 0.0732244 0.0535603 0.0486305 0.0636559 0.0517431
40 M 4.22284 0.0276002 0.0466465 0.0643068 0.0586559 0.0199144 0.0471701 0.0414122 0.0643068 0.063156 0.0643068 0.0641925 0.0573637 0.0592616 0.00542507 0.0490366 0.0549123 0.0634708 0.0636161 0.0345134 0.0507324
41 T 3.76147 0.100055 0.0107152 0.00127976 0.0219572 0.00127976 0.0853259 0.0460866 0.0956313 0.0355471 0.0391495 0.127976 0.0176394 0.0721686 0.039578 0.0257978 0.11589 0.127297 0.00127976 0.00954192 0.0258044
42 T 3.85702 0.0903399 0.0765264 0.0517765 0.0267683 0.00125773 0.0491584 0.0448192 0.0296329 0.0607763 0.090035 0.0708295 0.00125773 0.0161283 0.0373422 0.0313639 0.0859789 0.125172 0.108321 0.00125773 0.00125773
43 H 4.28769 0.0595441 0.0595441 0.0530047 0.058399 0.0360434 0.0483256 0.0594501 0.0463855 0.0595441 0.0546523 0.0513055 0.0425307 0.0595441 0.0522123 0.0595441 0.0377941 0.0448581 0.0555224 0.0198964 0.041899
44 L 3.02909 0.00227997 0.0540412 0.0257857 0.00227997 0.227997 0.0089011 0.0050364 0.0357879 0.0293904 0.227174 0.227997 0.00227997 0.0212035 0.0259527 0.0132612 0.00556305 0.00227997 0.00227997 0.00227997 0.0782285
45 K 4.17851 0.0719085 0.0374501 0.0505453 0.062643 0.021421 0.0719085 0.0571717 0.0719085 0.0718188 0.0588846 0.0437777 0.0487461 0.00322999 0.0671417 0.0701656 0.0577436 0.0242572 0.0554077 0.03268 0.02119
46 K 4.03358 0.0744103 0.00732892 0.0319612 0.0137121 0.0506808 0.00291569 0.0800645 0.077924 0.0846736 0.0577797 0.020745 0.0583557 0.000848958 0.06692 0.0848958 0.0373327 0.0486154 0.0606402 0.066218 0.0739775
47 L 3.27496 0.00246997 0.00246997 0.0537816 0.0101984 0.023796 0.0262194 0.0239518 0.160607 0.00246997 0.24632 0.148831 0.0112429 0.0248964 0.00246997 0.0103535 0.0211281 0.0316676 0.156265 0.00246997 0.0383913
48 K 2.40887 0.00484362 0.00484362 0.00484362 0.00484362 0.00484362 0.00484362 0.00484362 0.133615 0.479248 0.0288001 0.216407 0.0319621 0.00484362 0.00484362 0.00484362 0.00484362 0.00484362 0.0109217 0.0360799 0.00484362
49 E 3.82723 0.106072 0.00106072 0.061446 0.10578 0.0559965 0.0417673 0.0148856 0.0152433 0.0672579 0.0578756 0.0767422 0.0137719 0.00106072 0.0564346 0.106072 0.106072 0.00106072 0.0700811 0.00106072 0.0402585
50 S 4.20138 0.0634653 0.0651246 0.0323166 0.033401 0.0651246 0.0241341 0.0429655 0.0651246 0.0231864 0.0651246 0.0651246 0.0582791 0.0151539 0.0545439 0.0651246 0.065094 0.0651246 0.0651246 0.05442 0.0120429
51 Y 3.44033 0.00817642 0.02064 0.02441 0.0137769 0.148165 0.00192465 0.00483706 0.0731928 0.0494397 0.00192465 0.00192465 0.0575498 0.0124124 0.0176747 0.0375927 0.00192465 0.0582262 0.0829318 0.192465 0.190811
52 C 3.12203 0.00280785 0.279231 0.00736148 0.0268313 0.00280785 0.0294937 0.00280785 0.00280785 0.00280785 0.00316004 0.0579276 0.00280785 0.0111264 0.0352619 0.0806278 0.21471 0.116913 0.0867071 0.0309942 0.00280785
53 Q 4.1083 0.0633638 0.000661405 0.0661405 0.0661405 0.0661405 0.0230435 0.0661405 0.000661405 0.0443185 0.0578201 0.0149137 0.0342495 0.0528484 0.0660806 0.0655863 0.0661405 0.0661405 0.0473285 0.0661405 0.0661405
54 R 3.83451 0.0058463 0.0904808 0.0361288 0.0480602 0.0931059 0.0433414 0.0465133 0.062573 0.0557598 0.0892839 0.0506254 0.00127466 0.00127466 0.0718888 0.126874 0.0337849 0.0265919 0.114043 0.00127466 0.00127466
55 Q 4.27452 0.0476105 0.0589187 0.0418375 0.0574728 0.0351265 0.0185156 0.0429622 0.061221 0.061221 0.0521982 0.061221 0.0462606 0.032159 0.0611284 0.061221 0.0574624 0.0435841 0.061221 0.0374371 0.061221
56 G 3.97042 0.0544571 0.0355687 0.0603169 0.0515207 0.0569495 0.0998041 0.100007 0.0291753 0.00100007 0.0390228 0.0858662 0.0721838 0.00100007 0.100007 0.0540262 0.0885606 0.0185201 0.0216207 0.0106412 0.0197527
57 V 3.88925 0.0979029 0.0211187 0.00862316 0.0109698 0.037213 0.0174779 0.000979029 0.0979029 0.0750374 0.0843031 0.0604889 0.0373411 0.000979029 0.0435818 0.0979029 0.0281625 0.0145289 0.0976071 0.0699769 0.0979029
58 P 3.47451 0.092263 0.00131322 0.00696794 0.0924679 0.00131322 0.0944775 0.00131322 0.00286387 0.120788 0.0910641 0.0725637 0.00131322 0.130113 0.0652354 0.0860116 0.124656 0.00531901 0.00131322 0.00131322 0.00732976
59 M 4.21172 0.0488539 0.047593 0.066489 0.0560936 0.066489 0.0234665 0.0446873 0.0547578 0.066489 0.0376401 0.066414 0.0562887 0.0556546 0.00347428 0.0565563 0.0389952 0.066489 0.066489 0.0215865 0.0554933
60 N 4.11556 0.0409679 0.0251611 0.0853297 0.0921546 0.044216 0.0921546 0.072649 0.0104212 0.0415893 0.0159359 0.012176 0.0917112 0.0402174 0.0376291 0.0506614 0.0792115 0.0306994 0.0392077 0.0565411 0.0413659
61 S 3.97139 0.0769246 0.0730549 0.0380942 0.0178982 0.0690597 0.0484182 0.0439839 0.0229697 0.00602842 0.0766932 0.0597598 0.0101804 0.0011195 0.0405 0.0586095 0.111317 0.0720596 0.00432374 0.0570557 0.11195
62 L 3.75785 0.000929245 0.0929245 0.0103931 0.000929245 0.0700168 0.000929245 0.0744182 0.0929245 0.0215099 0.0929245 0.0780259 0.0295257 0.000929245 0.0929245 0.0929245 0.016149 0.0651832 0.0929245 0.000929245 0.0725849
63 R 4.05104 0.0122252 0.0487695 0.00104597 0.0538716 0.0364768 0.0200768 0.07217 0.0702214 0.0470214 0.0600313 0.052147 0.0657031 0.00104597 0.0331948 0.104095 0.0526596 0.0435572 0.0504132 0.104597 0.0706769
64 F 3.23323 0.0688644 0.049308 0.00453025 0.00287665 0.286281 0.00287665 0.167966 0.0594726 0.00796883 0.0691722 0.00287665 0.00287665 0.023467 0.132971 0.0235657 0.0148745 0.0125597 0.00287665 0.0617389 0.00287665
65 L 3.46848 0.0062223 0.017718 0.0201638 0.00118644 0.0780477 0.00118644 0.118644 0.0979586 0.00118644 0.11842 0.118644 0.049978 0.0140137 0.00118644 0.00620999 0.00118644 0.116422 0.111794 0.00118644 0.118644
66 F 3.3088 0.0570939 0.0245596 0.0183402 0.0269845 0.186185 0.0151918 0.186632 0.0339798 0.00186632 0.0140272 0.0256644 0.0454094 0.00645876 0.00625805 0.00186632 0.00186632 0.0107029 0.00506294 0.14875 0.183101
67 E 3.95005 0.0605048 0.0809746 0.0581412 0.0929235 0.0932467 0.0739983 0.00714613 0.000932467 0.0300374 0.0668055 0.0932467 0.0932467 0.0168864 0.0434485 0.01046 0.0200735 0.000932467 0.0408158 0.0745605 0.041619
68 G 3.25459 0.00243462 0.04608 0.0482551 0.0138069 0.00243462 0.242229 0.00243462 0.00243462 0.00243462 0.0535002 0.00243462 0.0975277 0.087664 0.213742 0.0348362 0.0919924 0.00716959 0.00848625 0.0376679 0.00243462
69 Q 4.15254 0.073278 0.0620957 0.065733 0.073278 0.047478 0.0447586 0.0390471 0.00908576 0.0649129 0.0433193 0.00073278 0.0679843 0.0389984 0.0730884 0.0573329 0.0670467 0.073278 0.0243006 0.0357971 0.0384546
70 R 4.27223 0.042861 0.0450176 0.0463202 0.0586718 0.0155472 0.0588101 0.060929 0.0513172 0.0401048 0.0549314 0.046996 0.0593432 0.0536945 0.060929 0.0608796 0.060929 0.0542657 0.0566698 0.0476902 0.0240928
71 I 2.73338 0.00309243 0.00309243 0.020313 0.00309243 0.00309243 0.0495493 0.00309243 0.30766 0.153419 0.0191089 0.00418696 0.00309243 0.0174495 0.00640559 0.0233958 0.0280955 0.0364336 0.309243 0.00309243 0.00309243
72 A 4.18115 0.0642716 0.0533955 0.0452689 0.00831316 0.0475805 0.0643871 0.0441162 0.0643871 0.000643871 0.0643871 0.0643871 0.0643871 0.0363923 0.0312012 0.0580669 0.0643871 0.0643871 0.0528111 0.045373 0.0618561
73 D 3.18731 0.00350452 0.0485247 0.34753 0.0221096 0.0745112 0.00890783 0.085763 0.00350452 0.00350452 0.0134121 0.0792342 0.0668519 0.00350452 0.11685 0.00350452 0.00350452 0.0538976 0.00350452 0.00350452 0.0543713
74 N 4.27181 0.0496288 0.0599325 0.0599325 0.0474335 0.0599325 0.0599325 0.0392644 0.0396134 0.0599325 0.0591342 0.0353185 0.0598189 0.0166474 0.0353966 0.0599325 0.0599325 0.0517576 0.0532931 0.0332339 0.0599325
75 H 4.15885 0.0641749 0.0697927 0.0701743 0.069776 0.0215274 0.00146911 0.0784681 0.0405343 0.0338726 0.0331604 0.0494095 0.0788005 0.0378947 0.0708575 0.0280793 0.0788005 0.0631136 0.0393077 0.0336357 0.0371513
76 T 2.652 0.00333641 0.217355 0.00333641 0.00333641 0.00333641 0.0618109 0.00333641 0.00333641 0.00333641 0.00333641 0.00333641 0.00333641 0.040544 0.00333641 0.0287818 0.225673 0.330782 0.00333641 0.0516799 0.00333641
77 P 2.99613 0.136285 0.267542 0.0221752 0.049341 0.0119058 0.00383491 0.0149678 0.00267542 0.0609737 0.00267542 0.00267542 0.00267542 0.264594 0.0193934 0.0901579 0.0244802 0.0156218 0.00267542 0.00267542 0.00267542
78 K 4.22153 0.0484769 0.0260661 0.0633707 0.0633707 0.0633707 0.0633707 0.041145 0.0633707 0.0633707 0.0194094 0.0633707 0.0633707 0.0136401 0.0417822 0.0633707 0.0633707 0.0201087 0.0492057 0.0430881 0.0633707
79 E 4.00596 0.0419619 0.0108181 0.0820716 0.0875479 0.00214998 0.0832569 0.042356 0.0368427 0.0650922 0.074495 0.0876554 0.0356917 0.000876554 0.0467129 0.0305777 0.036865 0.00841032 0.0876554 0.0513074 0.0876554
80 L 2.90418 0.00804264 0.095107 0.049592 0.00333669 0.00333669 0.00333669 0.0226085 0.00333669 0.0603015 0.331319 0.218722 0.0484309 0.00333669 0.00333669 0.00333669 0.00333669 0.00333669 0.00333669 0.0133526 0.119157
81 G 4.00346 0.0806502 0.0806502 0.0307802 0.0806502 0.0806502 0.0806363 0.0806502 0.0136863 0.0312347 0.0718902 0.0591126 0.00634578 0.00151345 0.07296 0.0416651 0.0806502 0.000806502 0.028914 0.0414021 0.0351516
82 M 3.43915 0.0417181 0.0722759 0.0399829 0.0534126 0.0100969 0.0669402 0.0709141 0.00335335 0.00335335 0.0866578 0.331492 0.0141451 0.019389 0.00335335 0.0416684 0.0395802 0.00335335 0.00963725 0.0225275 0.0661484
83 E 4.19395 0.0627287 0.0455512 0.0517935 0.0627201 0.022121 0.0624534 0.023012 0.0621134 0.0627287 0.0627287 0.0627287 0.0508467 0.000627287 0.0286346 0.0598631 0.0627287 0.0627287 0.0595075 0.0369218 0.0574621
84 E 4.23967 0.0439636 0.0610668 0.0530165 0.0610226 0.0580298 0.0610668 0.0104036 0.0365686 0.0588893 0.0204984 0.0610668 0.0248698 0.0610668 0.0610668 0.0610668 0.0608132 0.0479458 0.0428224 0.0610668 0.053689
85 E 4.21352 0.0569017 0.059305 0.059305 0.059305 0.059305 0.059305 0.035394 0.0202937 0.059305 0.059305 0.059305 0.059305 0.00059305 0.048364 0.059305 0.0526231 0.032507 0.0416637 0.059305 0.059305
86 D 3.65123 0.0955932 0.0998837 0.110825 0.0884462 0.00111492 0.105861 0.0133532 0.00378861 0.0163467 0.00111492 0.052072 0.111492 0.0194086 0.00334568 0.00639513 0.111492 0.0886754 0.0183151 0.00111492 0.0513613
87 V 4.20924 0.0623775 0.0359284 0.0333498 0.0540454 0.0623775 0.0314088 0.0447715 0.0623775 0.0531606 0.0623775 0.0623775 0.0447217 0.000623775 0.0623775 0.0621956 0.0526258 0.0623775 0.0623103 0.0258385 0.0623775
88 I 3.26251 0.0212582 0.00246708 0.00328991 0.028538 0.0297533 0.0267683 0.0342994 0.245858 0.00738278 0.132083 0.081878 0.00246708 0.016127 0.0244503 0.0133573 0.0443807 0.0157558 0.246708 0.00246708 0.0207099
89 E 4.10024 0.0420645 0.000732612 0.0536902 0.0731432 0.0589858 0.0688638 0.0140455 0.0708102 0.0329478 0.0699639 0.0529447 0.0600093 0.000732612 0.0280417 0.0400496 0.0608726 0.0730387 0.0525408 0.0732612 0.0732612
90 V 3.5084 0.147242 0.139229 0.013984 0.00147242 0.0398779 0.0253393 0.030464 0.0681103 0.00942649 0.0109902 0.0635684 0.00147242 0.0368414 0.00664323 0.00147242 0.0964936 0.147242 0.146563 0.00147242 0.0120966
91 Y 4.04032 0.0481479 0.0526477 0.0460625 0.0475685 0.0807977 0.0307395 0.0864461 0.00104018 0.0266422 0.0625784 0.0504766 0.0332786 0.00104018 0.050968 0.048585 0.0202705 0.0251414 0.104018 0.0801251 0.103426
92 Q 4.23587 0.0518526 0.0628384 0.0332992 0.041721 0.00665359 0.0562747 0.0464348 0.0403293 0.0608189 0.0308384 0.0649559 0.0274776 0.0496048 0.0648218 0.0649559 0.0649559 0.0597351 0.0649559 0.0538062 0.0536701
93 E 4.24476 0.0440942 0.0505793 0.0513011 0.0683943 0.0684989 0.0421454 0.0640877 0.00942608 0.0294045 0.0373617 0.0527342 0.0522887 0.0292416 0.0582035 0.0478298 0.0543424 0.0684989 0.0454851 0.0684989 0.0575835
94 Q 4.17994 0.0728172 0.0593395 0.0200671 0.0343496 0.0528858 0.000728172 0.0450549 0.0446621 0.0374296 0.0728172 0.0584208 0.0244115 0.0434421 0.0725716 0.0471382 0.0727191 0.0464803 0.0728172 0.0561784 0.0656695
95 T 4.00315 0.075045 0.0574549 0.0276491 0.00945611 0.0205253 0.0547102 0.0255943 0.080009 0.0475385 0.0808266 0.0808266 0.0322583 0.018816 0.000808266 0.0808266 0.0647138 0.0804796 0.0808266 0.0808266 0.000808266
96 G 3.37151 0.0540969 0.0271071 0.0133252 0.00255183 0.0914239 0.254057 0.0259158 0.00255183 0.00255183 0.051543 0.00255183 0.0359756 0.170667 0.0635538 0.0104048 0.120439 0.0163844 0.0489455 0.00255183 0.00340084
97 G 3.22732 0.0451477 0.029962 0.024615 0.00301631 0.147563 0.29996 0.009372 0.00301631 0.0489165 0.155032 0.00301631 0.00301631 0.00301631 0.00301631 0.0420795 0.0173029 0.082615 0.0509672 0.00301631 0.0253537
98 H 4.31503 0.0528536 0.052834 0.0520551 0.0536896 0.0428556 0.0464943 0.063186 0.0437994 0.0550984 0.0485541 0.0505307 0.0505357 0.0438083 0.0510306 0.0540084 0.0523183 0.047535 0.0508459 0.0423383 0.0456288
99 S 4.31651 0.0546153 0.0499028 0.049731 0.0512094 0.0478923 0.0511466 0.0435129 0.0462226 0.0515244 0.0484519 0.0467241 0.0558704 0.0406623 0.0482344 0.0555421 0.0596685 0.0528003 0.0516124 0.0465714 0.0481051
100 T 4.30103 0.0566901 0.0467821 0.0365324 0.0372426 0.0414106 0.050648 0.0449582 0.0546288 0.054696 0.0545954 0.0608799 0.047255 0.0403577 0.0401565 0.0575346 0.0579765 0.0695382 0.0545037 0.0506411 0.0429726
101 V 4.29921 0.0578398 0.0393407 0.0444032 0.0446811 0.0518435 0.0459183 0.0403535 0.054521 0.0539032 0.0590971 0.0525796 0.0490194 0.026892 0.0492677 0.0637795 0.0513731 0.0485347 0.0641576 0.0447763 0.0577187
