# POSITION WT SITE_ENTROPY PI_A PI_C PI_D PI_E PI_F PI_G PI_H PI_I PI_K PI_L PI_M PI_N PI_P PI_Q PI_R PI_S PI_T PI_V PI_W PI_Y
1 M 4.31548 0.0489614 0.0407938 0.0568466 0.043315 0.0483052 0.0488033 0.0474167 0.0473067 0.0538445 0.0529886 0.0610075 0.0511989 0.0488119 0.045472 0.0526746 0.0521904 0.055357 0.0503239 0.0434793 0.0509026
2 S 4.32032 0.0528614 0.0488011 0.0464288 0.0449941 0.0502314 0.0504046 0.0523079 0.0522795 0.0475379 0.0509231 0.0475207 0.0477472 0.0513925 0.048422 0.0536013 0.0538472 0.0510021 0.0506831 0.0491564 0.0498577
3 D 4.22755 0.0549676 0.0193801 0.0795815 0.053868 0.0231908 0.0685338 0.0709384 0.0674561 0.0556078 0.0508181 0.0303668 0.0593667 0.0403524 0.0529924 0.0576886 0.0689067 0.0222713 0.0482261 0.0268552 0.0486315
4 Q 4.25453 0.0559729 0.0419871 0.0115092 0.0258612 0.0617583 0.0576921 0.0574215 0.0617902 0.0481898 0.0584193 0.0454863 0.058953 0.053747 0.0663013 0.0606303 0.0610388 0.0569682 0.0301335 0.0369841 0.0491559
5 E 4.16724 0.0627222 0.000645872 0.0622792 0.0645804 0.0495915 0.0525496 0.0374861 0.000645872 0.0466326 0.0510013 0.0562414 0.0458839 0.0562944 0.0623562 0.0586099 0.0586874 0.0631767 0.0580701 0.0502345 0.062311
6 A 4.29618 0.0594231 0.0546647 0.0571213 0.0396772 0.0548864 0.0459271 0.0559971 0.0533056 0.0373343 0.0531962 0.0459289 0.0444673 0.054861 0.0553976 0.0502096 0.0522133 0.0523406 0.0530954 0.0586743 0.021279
7 K 4.21382 0.0439316 0.0341126 0.0435846 0.0698155 0.0472409 0.039369 0.0705753 0.0628518 0.0724029 0.0479473 0.00214517 0.0508451 0.0577163 0.0602069 0.0663393 0.0525723 0.0639337 0.022922 0.0421979 0.0492897
8 P 4.05298 0.0732486 0.0787559 0.00083196 0.00083196 0.0764638 0.0537263 0.0388048 0.0381966 0.0222147 0.0827094 0.0312607 0.0341389 0.0829234 0.0687691 0.0752287 0.070609 0.0338871 0.0157911 0.0418788 0.0797289
9 S 4.30862 0.0603869 0.0535346 0.0513828 0.0586324 0.0380384 0.0482711 0.0543898 0.0389987 0.0490497 0.0493288 0.0392602 0.0503052 0.0485653 0.0539849 0.0520269 0.0606968 0.0548268 0.0523851 0.0387647 0.047171
10 T 4.2802 0.0550838 0.0477661 0.0193262 0.0232518 0.053155 0.0348787 0.0512951 0.059557 0.0591605 0.0582535 0.0498067 0.0564474 0.0521282 0.0519765 0.052449 0.0505282 0.059536 0.0535649 0.0592866 0.0525488
11 E 4.18928 0.0693275 0.0477101 0.0627511 0.0772089 0.0305497 0.057051 0.0568471 0.0071339 0.0683505 0.0730164 0.0663252 0.0236466 0.0360818 0.047122 0.0600991 0.0624608 0.0377399 0.0668684 0.0158708 0.0338392
12 D 4.11908 0.064873 0.0561886 0.0670026 0.0508086 0.0513614 0.0658035 0.0593977 0.0653033 0.0547229 0.0532405 0.000670504 0.0643485 0.0536062 0.0431743 0.0658894 0.0635903 0.00688502 0.061214 0.000670504 0.0512492
13 L 4.29192 0.0568251 0.0336583 0.0599665 0.0374465 0.0519819 0.0438092 0.0258357 0.0510987 0.0606281 0.0614821 0.0369325 0.051154 0.0458943 0.0491961 0.059803 0.0606492 0.0523595 0.0570847 0.0491298 0.055065
14 G 4.23284 0.038586 0.0516428 0.0586991 0.0582897 0.0552886 0.0637184 0.0531547 0.0444629 0.0603867 0.0576199 0.0428213 0.0619179 0.000637611 0.0606061 0.0541703 0.0412638 0.0330972 0.0611674 0.0497812 0.0526884
15 D 4.22382 0.0632605 0.0542999 0.0679593 0.0610379 0.0556754 0.0633833 0.0619396 0.0339854 0.0551734 0.0525337 0.0123267 0.06787 0.0604933 0.0335842 0.0634701 0.0483447 0.0210802 0.0638065 0.0182222 0.0415537
16 K 4.29749 0.0556021 0.0401715 0.029621 0.0546242 0.0523078 0.0529097 0.0585356 0.0518631 0.0611746 0.0484793 0.0552123 0.0516488 0.0573042 0.0465596 0.0542717 0.0571626 0.0522428 0.0485118 0.026665 0.0451323
17 K 4.3066 0.0459497 0.0401617 0.0511451 0.0576811 0.0427599 0.0407658 0.0498716 0.0398149 0.0631019 0.0456467 0.0470419 0.059602 0.0498985 0.0575101 0.0622883 0.0545971 0.0392139 0.0533445 0.0507586 0.0488468
18 E 4.29844 0.0519965 0.0205684 0.0549209 0.059915 0.0489979 0.0529083 0.0515103 0.0449515 0.0582379 0.0443983 0.0572669 0.0537315 0.0483357 0.0555176 0.0511415 0.0518782 0.0407073 0.0491882 0.0572913 0.0465367
19 G 4.31323 0.0512865 0.0486198 0.0523189 0.0575866 0.041809 0.0588317 0.0462286 0.0519326 0.0570458 0.0533724 0.0466187 0.055292 0.044101 0.0455896 0.0506117 0.0491188 0.0488722 0.0573905 0.038721 0.0446525
20 E 4.2105 0.0500535 0.0234378 0.0557987 0.0643634 0.0589924 0.0633707 0.0436335 0.0586436 0.0622692 0.0550258 0.0597901 0.0501104 0.0405084 0.0613464 0.0592329 0.0566829 0.00064392 0.0559163 0.022765 0.057415
21 Y 4.28564 0.0382798 0.0652265 0.0281579 0.0271837 0.057998 0.036477 0.0509186 0.0497171 0.0542886 0.0440714 0.0490646 0.0481668 0.0554405 0.062755 0.0481352 0.0584554 0.0611937 0.0443143 0.054731 0.0654249
22 I 3.67861 0.0121497 0.109128 0.00133731 0.00133731 0.0387137 0.0484933 0.0417724 0.133438 0.0104091 0.0668557 0.121699 0.00175278 0.0670503 0.0153274 0.0615966 0.056472 0.122677 0.0871158 0.00133731 0.00133731
23 K 4.11749 0.050632 0.0366176 0.0328877 0.0573893 0.00213607 0.0312978 0.0572455 0.0709875 0.0745631 0.0724187 0.0532422 0.050483 0.00074594 0.0713907 0.0633141 0.0653294 0.0596475 0.0719345 0.0620858 0.0156515
24 L 3.28522 0.0216023 0.138536 0.00187649 0.00187649 0.0358823 0.0082766 0.00204331 0.0957871 0.0706049 0.187299 0.0889976 0.0137212 0.00187649 0.0255185 0.00568152 0.00187649 0.111015 0.183777 0.00187649 0.00187649
25 K 3.72547 0.0624544 0.0434886 0.00115975 0.0201261 0.0159699 0.00115975 0.0939943 0.0770404 0.115399 0.00115975 0.0135459 0.100879 0.0182105 0.067349 0.113656 0.0812618 0.0831957 0.0865479 0.00115975 0.00224329
26 V 3.62329 0.148856 0.107074 0.0185374 0.005107 0.0369036 0.0313509 0.0214836 0.0997437 0.0278526 0.103427 0.0120846 0.00162469 0.0249157 0.0359239 0.011067 0.0398637 0.108569 0.162366 0.00162469 0.00162469
27 I 3.98267 0.00103245 0.0572563 0.0377972 0.0424405 0.078673 0.00935481 0.049879 0.103021 0.0887781 0.0828676 0.0422856 0.0736489 0.00103245 0.0477687 0.0171265 0.0168858 0.0615492 0.0796917 0.0891788 0.0197323
28 G 4.07101 0.0945633 0.00112008 0.0511449 0.0308034 0.0513581 0.111311 0.0170784 0.0333818 0.0464453 0.00112008 0.0509715 0.044011 0.0446661 0.0504197 0.0911692 0.0635817 0.0604798 0.0417717 0.0616127 0.0529898
29 Q 4.14953 0.0613022 0.0532647 0.0448063 0.0593637 0.000954441 0.000729727 0.0451768 0.0499344 0.0511986 0.0628649 0.0562581 0.0422435 0.0675394 0.0729375 0.0657228 0.0245917 0.066447 0.0642156 0.0502711 0.0601775
30 D 3.85625 0.103018 0.00110027 0.109449 0.0720339 0.0163819 0.107748 0.0588321 0.00110027 0.0294061 0.0463548 0.0479601 0.108366 0.0422441 0.0520821 0.0806825 0.00110027 0.0705292 0.0119982 0.00760858 0.0320042
31 S 3.85276 0.0721667 0.0656265 0.000939122 0.0559942 0.0775603 0.0694743 0.000939122 0.0566238 0.00598026 0.000939122 0.000939122 0.0835578 0.055135 0.0621791 0.0863888 0.0936189 0.0564287 0.000939122 0.077455 0.0771151
32 S 4.17944 0.0766939 0.0478751 0.0158314 0.0522524 0.0326352 0.0739556 0.0213711 0.0625606 0.0664425 0.0261604 0.053058 0.0743788 0.0149432 0.0555227 0.0737688 0.0798647 0.0502691 0.0626183 0.0352145 0.0245837
33 E 3.78309 0.059701 0.00824492 0.025487 0.129685 0.0013061 0.00640835 0.00502268 0.12126 0.0781344 0.0578106 0.0339926 0.0482354 0.0275394 0.0831661 0.0484452 0.0711644 0.0013061 0.092536 0.0013061 0.0992484
34 I 3.61519 0.0282143 0.0231638 0.00152666 0.00242566 0.106692 0.00152666 0.0432753 0.152222 0.0118046 0.090296 0.103199 0.0125998 0.0264152 0.00339675 0.0641194 0.0382886 0.113112 0.143395 0.00152666 0.0328009
35 H 4.27125 0.0355448 0.0638849 0.0481906 0.0340337 0.060367 0.0272856 0.0679832 0.0532312 0.056953 0.0466409 0.0504908 0.0513885 0.0209515 0.0542134 0.0620684 0.0442545 0.0429765 0.0500446 0.0676761 0.061821
36 F 3.42995 0.0367764 0.0222668 0.0451377 0.0026573 0.264799 0.0223906 0.125311 0.0469018 0.0140402 0.0120108 0.0026573 0.0026573 0.0243723 0.0411792 0.0313309 0.0201465 0.0640446 0.0356474 0.0026573 0.183015
37 K 3.49481 0.148241 0.00150527 0.046431 0.0146852 0.0101275 0.0247177 0.0192747 0.00150527 0.149684 0.0806601 0.0468386 0.0433641 0.0128431 0.148727 0.13909 0.00150527 0.0197164 0.00150527 0.0880722 0.00150527
38 V 3.39204 0.0797306 0.10205 0.0159614 0.00138229 0.0573097 0.00138229 0.00138229 0.106344 0.0315529 0.126555 0.114654 0.00138229 0.00138229 0.00138229 0.00138229 0.00138229 0.132465 0.138094 0.00138229 0.0828421
39 K 4.00569 0.00776936 0.0336474 0.00314963 0.0225712 0.0357108 0.0870672 0.0546156 0.00619944 0.104201 0.0581349 0.00104646 0.0661731 0.061712 0.0717625 0.0903136 0.0745116 0.0545018 0.0494853 0.0647749 0.0526527
40 M 4.22603 0.0280861 0.0474677 0.0549006 0.0596885 0.020265 0.0480005 0.0421412 0.064014 0.0642678 0.0597973 0.0653226 0.0583735 0.0603049 0.00552058 0.0498999 0.055879 0.0645881 0.0647361 0.035121 0.0516255
41 T 3.76717 0.100807 0.0107958 0.00128938 0.0221222 0.00128938 0.0859674 0.0464331 0.0963502 0.0358143 0.0394438 0.12142 0.017772 0.0727112 0.0398756 0.0259918 0.116761 0.128254 0.00128938 0.00961365 0.0259984
42 T 3.85702 0.0903399 0.0765264 0.0517765 0.0267683 0.00125773 0.0491584 0.0448192 0.0296329 0.0607763 0.090035 0.0708295 0.00125773 0.0161283 0.0373422 0.0313639 0.0859789 0.125172 0.108321 0.00125773 0.00125773
43 H 4.29171 0.0603115 0.0494604 0.055177 0.0607923 0.0375206 0.0503062 0.0618865 0.0482866 0.0496309 0.0568921 0.0534082 0.0442738 0.0606519 0.0543521 0.0488845 0.039343 0.0466965 0.0577979 0.0207118 0.0436161
44 L 3.04882 0.00233129 0.0552575 0.026366 0.00233129 0.222857 0.00910142 0.00514975 0.0365934 0.0300519 0.232286 0.220895 0.00233129 0.0216807 0.0265368 0.0135596 0.00568825 0.00233129 0.00233129 0.00233129 0.079989
45 K 4.18362 0.0733459 0.0383061 0.0517007 0.064075 0.0219107 0.0547198 0.0584785 0.0697323 0.0734605 0.0602307 0.0447784 0.0498604 0.00330383 0.0686765 0.0717695 0.0590636 0.0248117 0.0566743 0.033427 0.0216744
46 K 4.03472 0.0745955 0.00734716 0.0320407 0.0137462 0.0508069 0.00292295 0.0802637 0.0781179 0.0848843 0.0579235 0.0207966 0.0585009 0.00085107 0.0670865 0.0826186 0.0374256 0.0487364 0.0607911 0.0663827 0.0741616
47 L 3.27496 0.00246997 0.00246997 0.0537816 0.0101984 0.023796 0.0262194 0.0239518 0.160607 0.00246997 0.24632 0.148831 0.0112429 0.0248964 0.00246997 0.0103535 0.0211281 0.0316676 0.156265 0.00246997 0.0383913
48 K 2.40887 0.00484362 0.00484362 0.00484362 0.00484362 0.00484362 0.00484362 0.00484362 0.133615 0.479248 0.0288001 0.216407 0.0319621 0.00484362 0.00484362 0.00484362 0.00484362 0.00484362 0.0109217 0.0360799 0.00484362
49 E 3.8429 0.102491 0.00109152 0.0632301 0.108852 0.0576223 0.04298 0.0153178 0.0156859 0.0692107 0.0595561 0.0789705 0.0141718 0.00109152 0.0580732 0.0959584 0.0999712 0.00109152 0.0721159 0.00109152 0.0414274
50 S 4.21644 0.0709849 0.054245 0.0361456 0.0373585 0.0531307 0.0269936 0.0480562 0.0533072 0.0259336 0.0590935 0.0722267 0.0651843 0.0169494 0.0610065 0.0547669 0.0728066 0.0472276 0.0702455 0.0608679 0.0134698
51 Y 3.46428 0.00837471 0.0211405 0.025002 0.014111 0.151759 0.00197132 0.00495437 0.0749678 0.0506386 0.00197132 0.00197132 0.0589454 0.0127134 0.0181033 0.0385043 0.00197132 0.0596382 0.0849429 0.172882 0.195438
52 C 3.12203 0.00280785 0.279231 0.00736148 0.0268313 0.00280785 0.0294937 0.00280785 0.00280785 0.00280785 0.00316004 0.0579276 0.00280785 0.0111264 0.0352619 0.0806278 0.21471 0.116913 0.0867071 0.0309942 0.00280785
53 Q 4.1184 0.0700567 0.000731267 0.0683356 0.0602327 0.06058 0.0254775 0.0629971 0.000731267 0.0489997 0.0639274 0.0164889 0.0378672 0.0584305 0.0730605 0.072514 0.0607933 0.0585 0.0523276 0.0479483 0.0600004
54 R 3.83451 0.0058463 0.0904808 0.0361288 0.0480602 0.0931059 0.0433414 0.0465133 0.062573 0.0557598 0.0892839 0.0506254 0.00127466 0.00127466 0.0718888 0.126874 0.0337849 0.0265919 0.114043 0.00127466 0.00127466
55 Q 4.28371 0.0519317 0.0642662 0.0456347 0.062689 0.0383146 0.0201961 0.0468615 0.0535803 0.0493232 0.0569357 0.0443287 0.0504592 0.0350778 0.0666764 0.0505271 0.0626777 0.0475398 0.0496764 0.0408349 0.062469
56 G 3.98846 0.0562435 0.0367354 0.0622955 0.0532108 0.0588177 0.103078 0.0858324 0.0301323 0.00103287 0.0403029 0.088683 0.0745516 0.00103287 0.0879385 0.0557984 0.0914657 0.0191277 0.0223299 0.0109903 0.0204006
57 V 3.91173 0.100827 0.0222563 0.00908765 0.0115607 0.0392175 0.0184193 0.00103177 0.0933059 0.0790793 0.0888441 0.0637472 0.0393525 0.00103177 0.0459294 0.0741144 0.0296795 0.0153115 0.102865 0.0737463 0.0905936
58 P 3.47451 0.092263 0.00131322 0.00696794 0.0924679 0.00131322 0.0944775 0.00131322 0.00286387 0.120788 0.0910641 0.0725637 0.00131322 0.130113 0.0652354 0.0860116 0.124656 0.00531901 0.00131322 0.00131322 0.00732976
59 M 4.21486 0.0520206 0.050678 0.0342932 0.0597296 0.0672405 0.0249876 0.0475839 0.0583072 0.0593507 0.0400799 0.0707189 0.0599374 0.0592621 0.00369948 0.0602223 0.0415228 0.0641893 0.0641004 0.0229857 0.0590904
60 N 4.13059 0.0420334 0.0258155 0.0875488 0.0773043 0.0453659 0.0857913 0.0745383 0.0106922 0.0426709 0.0163504 0.0124926 0.0940963 0.0412633 0.0386077 0.0519789 0.0812716 0.0314978 0.0402274 0.0580116 0.0424417
61 S 3.97731 0.0775185 0.0736189 0.0383883 0.0180364 0.0695929 0.048792 0.0443235 0.023147 0.00607496 0.0772853 0.0602212 0.010259 0.00112814 0.0408127 0.059062 0.112177 0.0726159 0.00435712 0.0574962 0.105094
62 L 3.7812 0.00106368 0.100733 0.0118967 0.00106368 0.0801462 0.00106368 0.0851843 0.0759849 0.0246217 0.106284 0.089314 0.0337972 0.00106368 0.0650607 0.0689783 0.0184852 0.0746133 0.0764961 0.00106368 0.0830859
63 R 4.05294 0.0122551 0.0488885 0.00104852 0.0540031 0.0365658 0.0201258 0.0723461 0.0703927 0.0471362 0.0601778 0.0522743 0.0658634 0.00104852 0.0332758 0.104349 0.0527881 0.0436635 0.0505362 0.102412 0.0708494
64 F 3.23323 0.0688644 0.049308 0.00453025 0.00287665 0.286281 0.00287665 0.167966 0.0594726 0.00796883 0.0691722 0.00287665 0.00287665 0.023467 0.132971 0.0235657 0.0148745 0.0125597 0.00287665 0.0617389 0.00287665
65 L 3.48019 0.00646043 0.018396 0.0209355 0.00123185 0.0810347 0.00123185 0.11592 0.101708 0.00123185 0.122952 0.116805 0.0518907 0.01455 0.00123185 0.00644765 0.00123185 0.120878 0.116073 0.00123185 0.098559
66 F 3.31481 0.0574908 0.0247304 0.0184677 0.0271721 0.18748 0.0152974 0.180976 0.0342161 0.00187929 0.0141247 0.0258428 0.0457252 0.00650367 0.00630156 0.00187929 0.00187929 0.0107773 0.00509814 0.149784 0.184374
67 E 3.95877 0.0616799 0.0825472 0.0592704 0.0947282 0.0808946 0.0754354 0.00728491 0.000950576 0.0306208 0.0681029 0.0901737 0.0946834 0.0172143 0.0442924 0.0106632 0.0204633 0.000950576 0.0416085 0.0760085 0.0424273
68 G 3.25459 0.00243462 0.04608 0.0482551 0.0138069 0.00243462 0.242229 0.00243462 0.00243462 0.00243462 0.0535002 0.00243462 0.0975277 0.087664 0.213742 0.0348362 0.0919924 0.00716959 0.00848625 0.0376679 0.00243462
69 Q 4.16075 0.0694601 0.0639981 0.0677467 0.0575208 0.0489325 0.0461299 0.0402433 0.00936411 0.0669016 0.0446464 0.000755229 0.070067 0.0401931 0.0753275 0.0590893 0.0691007 0.0689518 0.0250451 0.0368938 0.0396327
70 R 4.27174 0.0453601 0.0476424 0.049021 0.0620927 0.0164537 0.0622391 0.0418268 0.0543093 0.0424432 0.0581342 0.0497362 0.0628033 0.0568252 0.0383624 0.0644293 0.054949 0.0574297 0.059974 0.0504708 0.0254976
71 I 2.77804 0.00323571 0.00323571 0.0212542 0.00323571 0.00323571 0.0518451 0.00323571 0.321916 0.160528 0.0199943 0.00438096 0.00323571 0.018258 0.00670238 0.0244798 0.0293973 0.0381217 0.277237 0.00323571 0.00323571
72 A 4.18871 0.0702581 0.058369 0.0494854 0.00908747 0.0520123 0.0634263 0.0482253 0.0539972 0.000703843 0.0660481 0.0406452 0.0555888 0.039782 0.0341074 0.0634755 0.0597003 0.0601412 0.0577301 0.0495992 0.0676175
73 D 3.18731 0.00350452 0.0485247 0.34753 0.0221096 0.0745112 0.00890783 0.085763 0.00350452 0.00350452 0.0134121 0.0792342 0.0668519 0.00350452 0.11685 0.00350452 0.00350452 0.0538976 0.00350452 0.00350452 0.0543713
74 N 4.27733 0.0511944 0.05413 0.060246 0.0489298 0.0597711 0.0585833 0.040503 0.040863 0.0587195 0.0609996 0.0364326 0.0617059 0.0171725 0.0365132 0.058445 0.056027 0.0533903 0.0549743 0.0342823 0.0571171
75 H 4.16113 0.0644831 0.0701279 0.0705113 0.0701111 0.0216308 0.00147616 0.0788449 0.0407289 0.0340352 0.0333197 0.0496467 0.0768963 0.0380766 0.0711977 0.0282142 0.0766594 0.0634167 0.0394965 0.0337972 0.0373297
76 T 2.652 0.00333641 0.217355 0.00333641 0.00333641 0.00333641 0.0618109 0.00333641 0.00333641 0.00333641 0.00333641 0.00333641 0.00333641 0.040544 0.00333641 0.0287818 0.225673 0.330782 0.00333641 0.0516799 0.00333641
77 P 2.99944 0.1367 0.265311 0.0222427 0.0494913 0.0119421 0.00384659 0.0150134 0.00268357 0.0611594 0.00268357 0.00268357 0.00268357 0.265399 0.0194524 0.0904325 0.0245548 0.0156694 0.00268357 0.00268357 0.00268357
78 K 4.23717 0.0536015 0.0288216 0.0624966 0.0693358 0.0581701 0.0472729 0.0454945 0.0652446 0.070055 0.0214612 0.0668815 0.0611533 0.015082 0.0461991 0.0546094 0.0578176 0.0222344 0.0544074 0.047643 0.0520184
79 E 4.02551 0.0444702 0.0114648 0.0869775 0.0927811 0.00227849 0.0882336 0.0448878 0.0390449 0.0689831 0.078948 0.0821896 0.0378252 0.000928951 0.0495052 0.0324054 0.0390687 0.00891305 0.075952 0.0543743 0.0607682
80 L 2.90418 0.00804264 0.095107 0.049592 0.00333669 0.00333669 0.00333669 0.0226085 0.00333669 0.0603015 0.331319 0.218722 0.0484309 0.00333669 0.00333669 0.00333669 0.00333669 0.00333669 0.00333669 0.0133526 0.119157
81 G 4.01875 0.0826017 0.0854631 0.0328052 0.0854835 0.0710094 0.0859413 0.0629033 0.0145867 0.0332896 0.0766198 0.0630015 0.00676326 0.00161302 0.07776 0.0444062 0.0624865 0.000859561 0.0308162 0.0441259 0.0374641
82 M 3.43915 0.0417181 0.0722759 0.0399829 0.0534126 0.0100969 0.0669402 0.0709141 0.00335335 0.00335335 0.0866578 0.331492 0.0141451 0.019389 0.00335335 0.0416684 0.0395802 0.00335335 0.00963725 0.0225275 0.0661484
83 E 4.20078 0.0570701 0.048058 0.0546439 0.0661718 0.0233384 0.0658905 0.0242784 0.0655318 0.0563869 0.0608914 0.0563055 0.053645 0.000661809 0.0302105 0.0631576 0.0586668 0.052731 0.0627824 0.0389538 0.0606244
84 E 4.24309 0.045623 0.044772 0.0550177 0.0633259 0.0602202 0.0624936 0.0107963 0.037949 0.0611122 0.0212721 0.0597413 0.0258085 0.0592646 0.0607724 0.0620338 0.0631087 0.0497556 0.0444388 0.0567787 0.0557156
85 E 4.21715 0.0645324 0.059161 0.0659404 0.0672196 0.0557694 0.0511261 0.0401404 0.0230152 0.0552522 0.0608584 0.0531014 0.0434749 0.000672579 0.0548498 0.061261 0.05968 0.0368662 0.047251 0.0404424 0.0593855
86 D 3.65705 0.096824 0.10117 0.112252 0.0895849 0.00112928 0.107224 0.0135251 0.00383739 0.0165572 0.00112928 0.0527425 0.107651 0.0196585 0.00338876 0.00647747 0.105329 0.0898172 0.0185509 0.00112928 0.0520226
87 V 4.2144 0.0633613 0.0370854 0.0344237 0.0557858 0.0618873 0.0324203 0.0462132 0.0609074 0.0548725 0.0587585 0.0601236 0.0461619 0.000643862 0.0625435 0.0641984 0.0543205 0.0540147 0.0643169 0.0266706 0.0612908
88 I 3.29142 0.0217751 0.00252707 0.0033699 0.0292319 0.0304768 0.0274191 0.0351334 0.251836 0.00756228 0.135295 0.0838688 0.00252707 0.0165191 0.0250448 0.013682 0.0454598 0.0161389 0.228393 0.00252707 0.0212135
89 E 4.10503 0.0429688 0.000748361 0.0548443 0.0747155 0.0602538 0.0703442 0.0143474 0.0723324 0.0336561 0.0714679 0.0540829 0.0612994 0.000748361 0.0286445 0.0409105 0.0621812 0.0746088 0.0536703 0.0605477 0.0676276
90 V 3.52752 0.130158 0.143165 0.0143794 0.00151405 0.0410055 0.0260558 0.0313254 0.0700361 0.00969302 0.0113009 0.0653658 0.00151405 0.0378831 0.00683106 0.00151405 0.0992219 0.144377 0.150707 0.00151405 0.0124386
91 Y 4.04611 0.0485332 0.053069 0.0464311 0.0479492 0.0814443 0.0309855 0.0871379 0.0010485 0.0268554 0.0630792 0.0508805 0.0335449 0.0010485 0.0513759 0.0489738 0.0204328 0.0253426 0.0968479 0.0807663 0.104254
92 Q 4.23893 0.0524902 0.063611 0.0337086 0.042234 0.00673541 0.0569666 0.0470057 0.0408252 0.0615667 0.0312176 0.0602959 0.0278154 0.0502148 0.0656189 0.0654249 0.0640057 0.0604696 0.0609959 0.0544678 0.05433
93 E 4.25363 0.0468165 0.0537019 0.0544683 0.0726169 0.0537931 0.0447474 0.0680443 0.010008 0.0312199 0.0396684 0.0559899 0.055517 0.0310469 0.0617969 0.0507827 0.0576974 0.0410392 0.0482933 0.0616132 0.0611386
94 Q 4.18224 0.0721658 0.0596979 0.0201883 0.0345571 0.0532052 0.00073257 0.045327 0.0449318 0.0376556 0.0701496 0.0587736 0.0245589 0.0437045 0.0730099 0.0474229 0.0731583 0.046761 0.071416 0.0565177 0.0660661
95 T 4.01337 0.0776884 0.0594787 0.0286231 0.0097892 0.0212483 0.0566374 0.0264959 0.0828272 0.049213 0.0803664 0.0819917 0.0333946 0.0194788 0.000836737 0.0769098 0.0669933 0.0833144 0.065554 0.0783223 0.000836737
96 G 3.37151 0.0540969 0.0271071 0.0133252 0.00255183 0.0914239 0.254057 0.0259158 0.00255183 0.00255183 0.051543 0.00255183 0.0359756 0.170667 0.0635538 0.0104048 0.120439 0.0163844 0.0489455 0.00255183 0.00340084
97 G 3.22732 0.0451477 0.029962 0.024615 0.00301631 0.147563 0.29996 0.009372 0.00301631 0.0489165 0.155032 0.00301631 0.00301631 0.00301631 0.00301631 0.0420795 0.0173029 0.082615 0.0509672 0.00301631 0.0253537
98 H 4.31503 0.0528536 0.052834 0.0520551 0.0536896 0.0428556 0.0464943 0.063186 0.0437994 0.0550984 0.0485541 0.0505307 0.0505357 0.0438083 0.0510306 0.0540084 0.0523183 0.047535 0.0508459 0.0423383 0.0456288
99 S 4.31651 0.0546153 0.0499028 0.049731 0.0512094 0.0478923 0.0511466 0.0435129 0.0462226 0.0515244 0.0484519 0.0467241 0.0558704 0.0406623 0.0482344 0.0555421 0.0596685 0.0528003 0.0516124 0.0465714 0.0481051
100 T 4.30103 0.0566901 0.0467821 0.0365324 0.0372426 0.0414106 0.050648 0.0449582 0.0546288 0.054696 0.0545954 0.0608799 0.047255 0.0403577 0.0401565 0.0575346 0.0579765 0.0695382 0.0545037 0.0506411 0.0429726
101 V 4.29921 0.0578398 0.0393407 0.0444032 0.0446811 0.0518435 0.0459183 0.0403535 0.054521 0.0539032 0.0590971 0.0525796 0.0490194 0.026892 0.0492677 0.0637795 0.0513731 0.0485347 0.0641576 0.0447763 0.0577187
