# POSITION WT SITE_ENTROPY PI_A PI_C PI_D PI_E PI_F PI_G PI_H PI_I PI_K PI_L PI_M PI_N PI_P PI_Q PI_R PI_S PI_T PI_V PI_W PI_Y
1 M 4.14961 0.0526249 0.0605596 0.0480036 0.0567869 0.0662772 0.0531826 0.0577196 0.0353378 0.0525725 0.0530587 0.0965123 0.0508647 0.0430622 0.0446989 0.000968006 0.0516466 0.000968006 0.0621635 0.0463607 0.0666317
2 S 3.90465 0.0579325 0.0010482 0.0392763 0.0529356 0.0942492 0.0528276 0.0736788 0.0467301 0.0170379 0.0170901 0.0010482 0.0772874 0.0724935 0.0657906 0.0010482 0.104435 0.0890998 0.0848335 0.0501094 0.0010482
3 G 4.25164 0.0578089 0.0488747 0.0478593 0.0646165 0.0634861 0.0672606 0.0568124 0.0359964 0.0639963 0.0524324 0.0415749 0.0574681 0.0220813 0.022813 0.0223254 0.0617988 0.0352088 0.0505227 0.065551 0.0615123
4 I 4.17705 0.0471949 0.0707839 0.0435726 0.0291383 0.0576254 0.0407058 0.0389716 0.114737 0.0303539 0.0606763 0.10924 0.0339705 0.0279786 0.0420932 0.0482359 0.0173178 0.0498768 0.0560579 0.041839 0.0396304
5 A 4.20107 0.0665423 0.0597907 0.000667649 0.0652476 0.0570397 0.0513802 0.0210694 0.0665255 0.0653794 0.065915 0.0613425 0.0522824 0.0309638 0.063791 0.0322116 0.0583937 0.0416112 0.054526 0.0404898 0.0448305
6 L 4.26458 0.055344 0.0480152 0.0501987 0.0516593 0.0651234 0.0436215 0.046555 0.0567758 0.0419691 0.0847138 0.0567386 0.0482578 0.0340759 0.065891 0.0186569 0.0365568 0.0447402 0.0688243 0.0403864 0.0418962
7 S 4.15555 0.00105333 0.0780759 0.0263857 0.0504244 0.0381904 0.0506432 0.0317892 0.0411441 0.0283028 0.0442333 0.0502495 0.0811164 0.0367939 0.0522506 0.0555767 0.105013 0.0853176 0.0560232 0.0457928 0.0416244
8 R 4.0682 0.0448031 0.0551453 0.045457 0.0464619 0.0357762 0.00185768 0.042015 0.0498716 0.0416232 0.0458527 0.0511777 0.0561443 0.0321566 0.0583218 0.185553 0.0528595 0.0492266 0.0476577 0.0159004 0.0421384
9 L 3.77862 0.0736145 0.126171 0.0128354 0.0172103 0.0401512 0.0358424 0.00173524 0.0437373 0.062866 0.173222 0.114479 0.0237735 0.00173524 0.0184051 0.0229184 0.0573305 0.0655556 0.00173524 0.0326837 0.0739979
10 A 4.0172 0.100258 0.00100599 0.0543087 0.00332131 0.0550641 0.0516773 0.0729323 0.027332 0.0457092 0.0522745 0.0386144 0.0863987 0.0113107 0.0607294 0.00730382 0.0774002 0.0851853 0.0868537 0.0280203 0.0542997
11 Q 4.30576 0.0403035 0.0443283 0.0584117 0.0521362 0.0336551 0.0349136 0.0589809 0.0489282 0.0550155 0.0541195 0.0503135 0.0448351 0.052286 0.0607081 0.0498421 0.0571724 0.0457672 0.0553268 0.0516613 0.0512952
12 E 3.00337 0.00354953 0.00354953 0.0228267 0.351974 0.00354953 0.00354953 0.0684632 0.00354953 0.00354953 0.0447726 0.0729698 0.110021 0.00354953 0.178391 0.00354953 0.0336501 0.00354953 0.0199814 0.0614546 0.00354953
13 R 2.71178 0.00453197 0.00453197 0.00453197 0.0172211 0.00453197 0.00453197 0.0460596 0.0105449 0.0575725 0.0633092 0.00453197 0.00453197 0.00453197 0.176209 0.452035 0.0782786 0.00453197 0.00453197 0.0489184 0.00453197
14 K 3.81031 0.00563912 0.0538071 0.025394 0.00364659 0.0457163 0.00511386 0.0315423 0.094314 0.16501 0.0954701 0.033782 0.067019 0.00165649 0.0200991 0.103878 0.0281604 0.0536493 0.110208 0.023166 0.0327287
15 A 4.14766 0.069703 0.0676718 0.0448639 0.0672869 0.0685793 0.0535282 0.0541404 0.0554688 0.0478355 0.0694359 0.0290951 0.0434622 0.00110771 0.0474188 0.0568794 0.0634802 0.0629459 0.0621302 0.000697317 0.0342695
16 W 3.10544 0.051607 0.100881 0.00323817 0.00323817 0.208551 0.00323817 0.0220426 0.0111181 0.0315974 0.0498109 0.00457193 0.00323817 0.00323817 0.0262705 0.00323817 0.0493476 0.0252821 0.00323817 0.322716 0.0735365
17 R 2.38122 0.00441778 0.00441778 0.00441778 0.0151705 0.00441778 0.00441778 0.00441778 0.00441778 0.260392 0.00441778 0.0346844 0.00441778 0.0171175 0.00441778 0.44042 0.149077 0.00441778 0.00441778 0.0257076 0.00441778
18 K 3.81976 0.0264988 0.0741791 0.0122136 0.0231174 0.0321083 0.0490016 0.0713706 0.0211013 0.137015 0.0142012 0.0532947 0.00761397 0.00137382 0.0812453 0.114191 0.0887309 0.0568936 0.121517 0.00324181 0.0110921
19 D 3.97376 0.117772 0.0146497 0.123332 0.0995829 0.115497 0.0658276 0.0434625 0.0124531 0.0323743 0.0333804 0.0523092 0.0477753 0.0233616 0.00123976 0.0339959 0.0190464 0.0398755 0.0453047 0.0345978 0.0441629
20 H 2.17387 0.00549646 0.00549646 0.0489409 0.00549646 0.00549646 0.00549646 0.547537 0.00549646 0.0368919 0.00956238 0.00549646 0.00549646 0.00549646 0.00549646 0.244726 0.00549646 0.00549646 0.00549646 0.0353924 0.00549646
21 P 3.61966 0.00257051 0.0274222 0.0216982 0.00257051 0.00257051 0.042677 0.0446736 0.0315069 0.0629799 0.0466246 0.0535076 0.087039 0.255649 0.038315 0.00257051 0.0997572 0.0733658 0.0827209 0.0161191 0.00566188
22 F 3.27276 0.0447711 0.00282315 0.0734438 0.00282315 0.280989 0.038758 0.127904 0.0542477 0.00282315 0.0491355 0.00282315 0.025021 0.00663579 0.0128728 0.00282315 0.0235243 0.00282315 0.0344262 0.0227189 0.188613
23 G 3.85426 0.0480393 0.0685053 0.00132242 0.0802167 0.0416996 0.131692 0.042969 0.0101991 0.0708458 0.0361725 0.011557 0.10667 0.00949907 0.0727119 0.0183896 0.109002 0.00132242 0.00789171 0.0519109 0.0793832
24 F 3.58075 0.00192762 0.0898071 0.0300827 0.0313768 0.192268 0.0608464 0.0337734 0.044407 0.00192762 0.0303623 0.132742 0.0282043 0.0266999 0.00375688 0.00192762 0.00192762 0.0219637 0.0422861 0.0494028 0.174311
25 V 4.13487 0.0570924 0.0533064 0.0617982 0.00265826 0.0645777 0.0224876 0.0586045 0.0554835 0.05452 0.0604207 0.067612 0.0138665 0.0118255 0.0774027 0.0850704 0.0483485 0.0340806 0.0865508 0.0371756 0.0471183
26 A 3.61994 0.17223 0.0779879 0.00821135 0.00172918 0.117778 0.106261 0.0349361 0.0597648 0.0253734 0.0825963 0.00172918 0.0157107 0.00172918 0.0139549 0.00287412 0.126695 0.0416613 0.00172918 0.0576749 0.0493738
27 V 4.13653 0.0263503 0.052854 0.000794119 0.050741 0.05672 0.041556 0.0661768 0.0763469 0.074759 0.0749233 0.0639567 0.0438121 0.0416488 0.00994725 0.0705221 0.0430177 0.0161422 0.0792274 0.047949 0.0625554
28 P 3.7046 0.135937 0.00177723 0.0366781 0.00177723 0.0345884 0.114113 0.0665796 0.00177723 0.043837 0.0594003 0.030936 0.0478114 0.177453 0.0169957 0.0798921 0.0353241 0.0638735 0.047694 0.00177723 0.00177723
29 T 4.23978 0.0624819 0.0560851 0.0554215 0.058194 0.0441685 0.0668121 0.0596814 0.0556992 0.0567899 0.0467687 0.0655449 0.0375013 0.0101515 0.0629041 0.049657 0.0496067 0.0688507 0.0327844 0.0182787 0.0426184
30 K 4.1649 0.061921 0.0148941 0.02776 0.0368487 0.0406989 0.0536384 0.0617493 0.0744065 0.0983965 0.0367505 0.0615379 0.0306488 0.0560479 0.0416068 0.0690644 0.0787427 0.0401727 0.0733383 0.00674998 0.0350265
31 N 4.26101 0.0416366 0.0623359 0.025237 0.0581159 0.0418168 0.0269423 0.0614069 0.0497676 0.0630369 0.0568052 0.0651247 0.0705445 0.0310477 0.0531776 0.0463892 0.0574276 0.0387543 0.0269435 0.0560215 0.0674679
32 P 4.29615 0.0564939 0.046248 0.0422195 0.0554823 0.0233133 0.059477 0.059554 0.0549411 0.0424148 0.0507568 0.0442193 0.0544597 0.0625015 0.0454364 0.0386376 0.0483239 0.0525068 0.0521295 0.0613294 0.0495551
33 D 3.11985 0.00437303 0.0400875 0.309375 0.145202 0.00311168 0.0117159 0.00311168 0.00910662 0.00311168 0.0234198 0.0408438 0.122347 0.00311168 0.0140976 0.00311168 0.00311168 0.0392669 0.00311168 0.115626 0.102756
34 G 4.11092 0.0441993 0.0505086 0.0745753 0.0720876 0.0154401 0.111475 0.0789322 0.0264016 0.0448951 0.0363498 0.0621685 0.0480997 0.0331613 0.0968813 0.0733257 0.0344848 0.0114932 0.0187751 0.0471788 0.0195666
35 T 2.95964 0.139555 0.00298991 0.00298991 0.00298991 0.00298991 0.114939 0.0830252 0.00298991 0.00298991 0.00298991 0.0343866 0.00463184 0.0327992 0.0348427 0.00298991 0.207888 0.297065 0.0083767 0.00551824 0.0130537
36 M 3.66966 0.011198 0.0599949 0.0374211 0.0350488 0.0491343 0.0158493 0.0359147 0.0832725 0.0729672 0.134135 0.170599 0.00171397 0.00171397 0.0069292 0.127446 0.0219585 0.00171397 0.0611728 0.00171397 0.0701026
37 N 4.27146 0.0415994 0.0423354 0.0500914 0.0475087 0.0556765 0.0631411 0.0599314 0.0453636 0.0510203 0.0464483 0.0587832 0.0634712 0.00900426 0.0497557 0.0542264 0.0492387 0.0625505 0.0560482 0.0437496 0.0500564
38 L 3.38581 0.0580208 0.0679484 0.00194425 0.00641959 0.154039 0.00194425 0.00194425 0.109052 0.00194425 0.193992 0.0710274 0.00194425 0.0618167 0.00194425 0.00194425 0.00194425 0.0360871 0.139134 0.0285421 0.0583668
39 M 4.06312 0.0504103 0.0534386 0.0279904 0.0915515 0.0631338 0.0497123 0.0405263 0.0370014 0.0347681 0.0820254 0.100595 0.0312422 0.0220261 0.00100891 0.0476996 0.00100891 0.0716866 0.095068 0.0512227 0.0478838
40 N 4.2709 0.0345967 0.0558087 0.047309 0.0408125 0.0634104 0.0173866 0.050363 0.0544964 0.0610862 0.0626239 0.0634332 0.0650596 0.0300476 0.059563 0.0486383 0.0514917 0.0441778 0.0639636 0.0400294 0.0457023
41 W 3.22748 0.0209182 0.0169755 0.00321712 0.165434 0.102411 0.00321712 0.0431141 0.0165454 0.0524995 0.0115906 0.0341114 0.0971467 0.00321712 0.0145175 0.00321712 0.040655 0.00321712 0.0439489 0.320829 0.00321712
42 E 4.23594 0.0525649 0.0439517 0.0648879 0.065244 0.0539621 0.0568795 0.0357183 0.0468461 0.0636874 0.0521352 0.0590222 0.0216183 0.0054469 0.0459125 0.0508049 0.0564095 0.064254 0.0581436 0.0376182 0.0648928
43 C 3.88625 0.0729216 0.121003 0.0391056 0.026989 0.0412136 0.108201 0.00121303 0.0649536 0.00121303 0.0240312 0.0680299 0.0962672 0.0492369 0.00752233 0.00121303 0.0768401 0.0770772 0.0741644 0.0325106 0.0162931
44 A 4.21335 0.0799063 0.0238639 0.0340096 0.0723086 0.0609723 0.057172 0.0525149 0.0697338 0.0425137 0.0685692 0.0642052 0.0468588 0.0251025 0.0670483 0.00708158 0.0458862 0.050094 0.0477496 0.0462566 0.0381527
45 I 3.63607 0.0154297 0.117612 0.0061121 0.00150075 0.0637348 0.0106561 0.00150075 0.149484 0.00150075 0.0505487 0.137803 0.0167917 0.055729 0.00150075 0.0338952 0.0378434 0.116038 0.108976 0.0360708 0.0372736
46 P 4.13741 0.0831922 0.0824005 0.0234856 0.037094 0.0221346 0.0582694 0.0479515 0.0678295 0.0408866 0.0559775 0.0240505 0.0430638 0.124585 0.0133428 0.0428934 0.054232 0.0377781 0.0754889 0.0229676 0.0423763
47 G 3.74593 0.0753345 0.086263 0.00300103 0.0022592 0.0400196 0.225749 0.039173 0.0314011 0.0953082 0.0022592 0.0605589 0.0461227 0.0022592 0.0409865 0.0177631 0.0626495 0.019084 0.0447399 0.036874 0.0681948
48 K 4.0059 0.0678976 0.0341397 0.0550006 0.0471537 0.000895831 0.00707289 0.0542185 0.0375798 0.0892883 0.0878809 0.0669902 0.0654196 0.0717507 0.0612497 0.0811462 0.0175871 0.0794622 0.0651312 0.000895831 0.00923948
49 K 4.2498 0.0631482 0.054674 0.0446003 0.0610941 0.066761 0.0652696 0.05661 0.0533417 0.0692358 0.0289718 0.0458148 0.0623109 0.0182087 0.0511774 0.0508312 0.0175936 0.0382256 0.0637959 0.0431668 0.0451687
50 G 4.11763 0.0694889 0.0475406 0.0278189 0.0625079 0.0763025 0.0778909 0.0725247 0.0125963 0.0602916 0.0574371 0.0107516 0.0469551 0.000779855 0.0609465 0.0670452 0.0769491 0.0211016 0.0392652 0.048894 0.0629124
51 T 3.1722 0.0031589 0.173272 0.00183433 0.00183433 0.0352272 0.0588421 0.0581101 0.0041009 0.0352517 0.00183433 0.00415516 0.0768282 0.00183433 0.156371 0.00183433 0.18032 0.182136 0.00183433 0.00183433 0.019387
52 P 4.3052 0.0473945 0.0474014 0.0534648 0.0464326 0.0503298 0.0436003 0.0479368 0.0559206 0.0542139 0.0410199 0.0470835 0.0370256 0.0633055 0.0589762 0.0447367 0.0523279 0.058241 0.0343565 0.0564728 0.0597597
53 W 2.95644 0.00337615 0.00337615 0.015635 0.0236851 0.183471 0.00337615 0.00337615 0.00337615 0.00337615 0.0282549 0.0240138 0.16698 0.00337615 0.00337615 0.0131153 0.0457597 0.00337615 0.0586497 0.336778 0.073272
54 E 4.04516 0.0582501 0.0112478 0.0290947 0.0915773 0.0860551 0.0725259 0.0484584 0.0442905 0.0571366 0.0135696 0.0909705 0.0173091 0.000917433 0.0887164 0.0263948 0.0832218 0.0675112 0.0509429 0.0213387 0.0404713
55 G 4.26036 0.0531587 0.0668704 0.0562258 0.0602726 0.0486603 0.0705336 0.0610274 0.0402026 0.0503362 0.0555601 0.0679341 0.0433998 0.0457373 0.0624446 0.0264531 0.0503577 0.0168318 0.0278948 0.0472918 0.0488073
56 G 2.80306 0.0567597 0.104112 0.00448927 0.00448927 0.00448927 0.448521 0.00448927 0.0272402 0.00448927 0.00448927 0.128932 0.00448927 0.0525648 0.00892292 0.00448927 0.013595 0.00448927 0.0445541 0.00448927 0.0699059
57 L 4.21091 0.0275589 0.0771708 0.0201363 0.0789634 0.0449563 0.0240276 0.0537183 0.0594092 0.0537936 0.0790228 0.0594309 0.0523119 0.0210174 0.0714841 0.071751 0.0572915 0.0334703 0.0438233 0.0389081 0.0317543
58 F 3.66571 0.0452895 0.0360716 0.0445319 0.0336275 0.206751 0.0254101 0.00275895 0.0395002 0.0217218 0.0213069 0.0832145 0.00207164 0.0227681 0.0512418 0.0132648 0.00954598 0.0385525 0.113275 0.0152321 0.173864
59 K 4.29616 0.0470228 0.0587021 0.0388148 0.0547897 0.0534144 0.0344279 0.0442164 0.0460762 0.0618497 0.0507625 0.0302705 0.0590436 0.0365732 0.0544654 0.0527226 0.0600131 0.0592958 0.061845 0.0457288 0.0499655
60 L 3.69723 0.111261 0.0982486 0.00119345 0.00149117 0.0833495 0.0619196 0.0175211 0.107049 0.0139959 0.119175 0.119129 0.00185311 0.00126252 0.0133984 0.0141794 0.0275087 0.0728702 0.0752743 0.00968574 0.0496338
61 R 4.30612 0.0489504 0.0570074 0.0537965 0.0479545 0.0511832 0.0386544 0.0491515 0.0400367 0.0523122 0.0549804 0.0477512 0.0511703 0.0426193 0.0593364 0.0627749 0.0621484 0.053825 0.0485591 0.0352433 0.0425449
62 M 3.60257 0.0985013 0.0917176 0.0147775 0.00141771 0.109574 0.0099884 0.0210498 0.102791 0.022553 0.0807636 0.141438 0.00141771 0.0109698 0.0114991 0.00141771 0.0127455 0.0760193 0.135723 0.00141771 0.0542183
63 L 4.17283 0.0616952 0.0315482 0.0545526 0.0433729 0.0582604 0.0593831 0.0663714 0.066642 0.0606245 0.0695568 0.0555693 0.0592362 0.000695874 0.0514895 0.064093 0.0546144 0.0418111 0.0476055 0.0038195 0.0490583
64 F 3.78819 0.0682956 0.062708 0.0925401 0.0300136 0.126601 0.00919281 0.00849476 0.0851855 0.00305261 0.0973111 0.062969 0.0333059 0.0205265 0.024834 0.00126686 0.00126686 0.0161612 0.12639 0.0341244 0.0957601
65 K 4.20915 0.0249835 0.0736305 0.021106 0.0456543 0.0399421 0.0650109 0.0720108 0.0534716 0.0748341 0.051724 0.0398658 0.0506107 0.0641822 0.056835 0.0569345 0.0667389 0.0497839 0.0341679 0.00542015 0.0530931
66 D 4.24443 0.0582613 0.0602329 0.0647619 0.0640828 0.0461142 0.0529596 0.0628509 0.0456152 0.0431413 0.0633986 0.0551638 0.0530189 0.0609542 0.0589724 0.00700074 0.0463124 0.0612511 0.0332929 0.0292062 0.0334088
67 D 4.22673 0.0701988 0.068694 0.0709569 0.0676531 0.0473964 0.0538872 0.0457402 0.0186267 0.0332288 0.0251108 0.0659999 0.0685226 0.0533153 0.0548563 0.034419 0.0642116 0.0573549 0.0512843 0.0189742 0.0295689
68 Y 3.22958 0.0263477 0.038467 0.00272116 0.00272116 0.170198 0.00272116 0.106506 0.00272116 0.00272116 0.00272116 0.0890216 0.00272116 0.00272116 0.00272116 0.0751362 0.0245572 0.0646792 0.0248428 0.0848507 0.270904
69 P 2.75122 0.0672995 0.0386481 0.00894267 0.00468669 0.0427791 0.00468669 0.00468669 0.00468669 0.109439 0.00468669 0.00468669 0.00468669 0.467465 0.00468669 0.00468669 0.00468669 0.0381385 0.0706586 0.105076 0.00468669
70 S 4.24658 0.0555307 0.0581514 0.0213745 0.0493286 0.0478175 0.0518563 0.0648016 0.0476845 0.0270837 0.0535519 0.0545983 0.0483993 0.0117809 0.0667216 0.0433759 0.0678565 0.0678234 0.0485124 0.0486021 0.0651491
71 S 4.23235 0.0505868 0.0631208 0.0407178 0.0363926 0.0341874 0.0491704 0.0555426 0.0423383 0.0722383 0.0266549 0.0307353 0.0615589 0.0249434 0.0769423 0.0437003 0.0773445 0.0700217 0.0213053 0.0583833 0.0641152
72 P 3.48633 0.141523 0.114598 0.00682152 0.0142265 0.00151645 0.038624 0.0177967 0.00151645 0.0206386 0.00151645 0.00151645 0.130657 0.151471 0.0875464 0.0381581 0.120835 0.0317537 0.073269 0.00449834 0.00151645
73 P 3.24267 0.161604 0.12663 0.00162593 0.00162593 0.0117575 0.00162593 0.00162593 0.0789009 0.00162593 0.0368036 0.101945 0.00162593 0.162293 0.00162593 0.00588832 0.0370953 0.127036 0.132783 0.00162593 0.00425524
74 K 4.23453 0.0481167 0.043376 0.051419 0.0472963 0.0464574 0.0530299 0.0499093 0.0491702 0.0866694 0.0512829 0.0464716 0.0500267 0.0507414 0.0584472 0.0630018 0.0461054 0.0550299 0.0553503 0.000867673 0.047231
75 C 3.86154 0.0877063 0.109223 0.00931848 0.00404958 0.0646008 0.103912 0.0090097 0.0426442 0.00109233 0.0579382 0.102622 0.0385604 0.0662284 0.00757173 0.0256144 0.108538 0.0764781 0.0463848 0.0313896 0.0071179
76 K 4.22179 0.0480763 0.0723184 0.0343966 0.0444859 0.0426789 0.0594848 0.0421233 0.0531622 0.0741305 0.0528662 0.0637876 0.043674 0.00181325 0.0572515 0.0527515 0.0442206 0.0446697 0.0623711 0.072552 0.0331857
77 F 2.52123 0.00498612 0.0122716 0.00498612 0.0338085 0.497796 0.00498612 0.00498612 0.0242497 0.00498612 0.159124 0.0728739 0.00498612 0.00498612 0.00498612 0.00498612 0.00498612 0.114969 0.00498612 0.00498612 0.0250734
78 E 4.24809 0.0610246 0.030472 0.0626352 0.0656379 0.0567865 0.0580269 0.0634971 0.0509643 0.0422845 0.0524289 0.0476745 0.052375 0.00514755 0.0623035 0.0454595 0.0580551 0.0508776 0.0408524 0.0560792 0.0374179
79 P 4.30154 0.038734 0.0579692 0.0501484 0.0480455 0.0648829 0.0505688 0.0426564 0.0438259 0.0474892 0.0667808 0.0545802 0.0409104 0.0667478 0.0523742 0.0426071 0.0467033 0.0545009 0.046115 0.0467852 0.0375747
80 P 4.27873 0.0509239 0.0216087 0.0619251 0.0545877 0.0621292 0.0581573 0.0597062 0.0298249 0.0537108 0.0366154 0.0514534 0.0540566 0.0630262 0.046212 0.0546527 0.0524863 0.0584709 0.0284311 0.0513204 0.0507012
81 L 3.08406 0.0569033 0.0426995 0.00206975 0.00206975 0.0740437 0.0118621 0.00206975 0.171899 0.00629468 0.206718 0.16909 0.00206975 0.023337 0.00206975 0.0109759 0.0070122 0.0126224 0.192054 0.00206975 0.00206975
82 F 3.18395 0.0128541 0.0270484 0.00310279 0.0312769 0.309641 0.0255379 0.0895752 0.0306046 0.00310279 0.0756747 0.054702 0.00310279 0.00310279 0.00310279 0.00310279 0.00310279 0.0414989 0.0116325 0.202911 0.0653237
83 H 2.02939 0.00686638 0.00686638 0.0364913 0.00686638 0.0377232 0.00686638 0.685005 0.0175707 0.0835799 0.010494 0.00686638 0.00686638 0.00686638 0.00686638 0.00686638 0.00686638 0.00686638 0.00920319 0.037536 0.00686638
84 P 3.78908 0.11199 0.0807896 0.0594969 0.00617241 0.00801117 0.00851934 0.00115344 0.0910374 0.00115344 0.0716227 0.0828766 0.0766875 0.11496 0.0475897 0.0027283 0.012226 0.0836947 0.0647896 0.0111889 0.0633126
85 N 3.06788 0.088393 0.124776 0.00314866 0.0424527 0.0613165 0.00314866 0.00314866 0.00314866 0.00314866 0.00314866 0.0414789 0.313869 0.00314866 0.00314866 0.0148457 0.182692 0.00314866 0.047716 0.0509728 0.00314866
86 V 3.41102 0.0966037 0.127828 0.0184868 0.00171373 0.0546384 0.00171373 0.00809054 0.0830709 0.0636561 0.0345957 0.162 0.00404729 0.00171373 0.00217038 0.00171373 0.109375 0.00171373 0.170815 0.00429748 0.0517552
87 Y 3.10697 0.00323268 0.00323268 0.00323268 0.0275998 0.233166 0.0143686 0.0559658 0.0447011 0.0141361 0.0396865 0.0904171 0.00323268 0.00323268 0.0210293 0.00323268 0.00323268 0.0463618 0.0333605 0.0346599 0.321919
88 P 4.27988 0.0539452 0.032554 0.0390717 0.0363783 0.061629 0.0540525 0.0527994 0.0404957 0.0694735 0.0580019 0.0596383 0.0575063 0.0740424 0.0310054 0.0501098 0.0552231 0.0489351 0.0493291 0.0300692 0.0457401
89 S 4.26773 0.0615751 0.0294992 0.0633977 0.0486188 0.066051 0.0564239 0.0282495 0.0552887 0.0629095 0.0497825 0.0381285 0.0373826 0.0573571 0.032343 0.0633891 0.0691269 0.0657402 0.0349077 0.0432538 0.0365753
90 G 2.94173 0.0577765 0.104292 0.00306541 0.00306541 0.00306541 0.306185 0.00306541 0.0283872 0.00306541 0.00306541 0.0665856 0.00306541 0.0849612 0.00306541 0.00306541 0.0254334 0.00306541 0.052079 0.00306541 0.240581
91 T 4.25569 0.0421987 0.0180032 0.0405993 0.0558425 0.0524166 0.0342802 0.0470547 0.0566826 0.0221807 0.0586665 0.0683517 0.0709925 0.0549957 0.050464 0.0512183 0.0401896 0.0761481 0.0472015 0.0657555 0.0467581
92 V 3.47514 0.122194 0.0959613 0.0448319 0.00172512 0.0393057 0.00172512 0.00276428 0.0695265 0.00172512 0.156534 0.00172512 0.00172512 0.0691775 0.00172512 0.00172512 0.0864999 0.0615257 0.172215 0.0179733 0.0494152
93 C 3.49965 0.0983834 0.256847 0.0279154 0.0541882 0.0889332 0.00621334 0.0380215 0.0676501 0.0151611 0.0621355 0.0701511 0.0790038 0.00257336 0.0303141 0.00257336 0.00257336 0.00257336 0.0896426 0.00257336 0.00257336
94 L 3.63719 0.0773549 0.0924395 0.010453 0.0279636 0.115979 0.00166959 0.0159456 0.10404 0.00166959 0.166905 0.0507254 0.0283218 0.00166959 0.00166959 0.00166959 0.0694189 0.0182692 0.102214 0.0285643 0.0830587
95 S 3.19142 0.0318393 0.0656884 0.00248169 0.0319384 0.00248169 0.00248169 0.00248169 0.0407701 0.0237744 0.0175915 0.00248169 0.213709 0.00248169 0.0103097 0.00248169 0.246657 0.158477 0.0102631 0.0707902 0.0608206
96 I 3.91788 0.00761245 0.0832404 0.0396789 0.00125355 0.0248668 0.0327821 0.0265467 0.125087 0.0115905 0.0787909 0.0730763 0.034743 0.00125355 0.028642 0.0683961 0.104474 0.0753878 0.102294 0.0454626 0.0348203
97 L 4.2495 0.0625557 0.0171105 0.0533903 0.0590835 0.0313934 0.0552811 0.0644874 0.037469 0.052249 0.06722 0.0669593 0.0636104 0.0567356 0.060841 0.0577686 0.0544882 0.0214104 0.045055 0.0434032 0.0294883
98 E 4.22331 0.0306177 0.0492027 0.0304522 0.0846772 0.0502613 0.0378464 0.0479105 0.0310299 0.0576381 0.0787798 0.0667413 0.0278504 0.0713575 0.0415554 0.0446438 0.0218648 0.0565112 0.0741116 0.0668762 0.0300718
99 E 4.2749 0.0622451 0.0519148 0.0366438 0.0643186 0.0527508 0.0429141 0.0343623 0.0571995 0.0568332 0.0597531 0.0561953 0.0571021 0.0514893 0.0503853 0.048859 0.0610698 0.0167278 0.0556747 0.0299304 0.0536311
100 D 4.26191 0.0575043 0.0278398 0.0712395 0.0392799 0.0656068 0.0565239 0.049783 0.030406 0.0676585 0.0609269 0.0281826 0.0497224 0.0602619 0.0520074 0.0405178 0.0250998 0.0664814 0.0416098 0.0568189 0.0525294
101 K 4.29403 0.0368243 0.0559017 0.053783 0.0661632 0.0572308 0.0449453 0.0504788 0.0438988 0.067977 0.0560444 0.0389463 0.0436684 0.0368159 0.0478934 0.0567814 0.0561441 0.0521727 0.0597403 0.0306716 0.0439185
102 D 4.02049 0.0795751 0.074489 0.0881799 0.068027 0.0497034 0.0584882 0.071381 0.0247076 0.0406643 0.0107675 0.0861852 0.0570487 0.00139892 0.00122682 0.00206186 0.0699262 0.0530469 0.0500866 0.061885 0.0511508
103 W 2.46464 0.00335078 0.00335078 0.00335078 0.00335078 0.252909 0.00335078 0.0854343 0.0052478 0.00335078 0.00335078 0.0524862 0.00335078 0.00335078 0.00335078 0.00335078 0.00335078 0.00335078 0.00335078 0.333895 0.223117
104 R 3.38719 0.13087 0.139049 0.0440932 0.0355356 0.00169062 0.0156971 0.00169062 0.00169062 0.144643 0.0104648 0.0105565 0.00169062 0.00169062 0.0299756 0.168091 0.134797 0.082972 0.0266673 0.0164436 0.00169062
105 P 3.49404 0.105741 0.139572 0.00143075 0.0717356 0.00143075 0.115314 0.00143075 0.0517118 0.00143075 0.00167043 0.0864905 0.00143075 0.142722 0.00393487 0.031107 0.118849 0.0454244 0.0639407 0.00740748 0.00722459
106 A 3.33726 0.150317 0.105249 0.00988736 0.0209269 0.00151086 0.132053 0.00151086 0.061137 0.00151086 0.0499082 0.00151086 0.00151086 0.0245524 0.0278352 0.00151086 0.108279 0.147277 0.150491 0.00151086 0.00151086
107 I 4.10895 0.0648811 0.0501461 0.0567929 0.0589036 0.062361 0.0714634 0.0653874 0.0745636 0.0166528 0.0584756 0.0683887 0.0554013 0.00333208 0.0717589 0.0206921 0.0696006 0.0561477 0.0520228 0.000745663 0.0222825
108 T 4.30193 0.0390448 0.045916 0.054591 0.0555256 0.0418951 0.062479 0.0524039 0.04609 0.0568509 0.0436076 0.0517663 0.0482003 0.0616359 0.0434647 0.0457605 0.0474751 0.0713528 0.0450924 0.0513817 0.0354663
109 I 3.58354 0.132792 0.0480061 0.00480353 0.00139815 0.0626681 0.0265002 0.00914588 0.13952 0.00139815 0.123089 0.130161 0.00139815 0.0114161 0.0216286 0.013716 0.0196116 0.049344 0.123707 0.0709568 0.00873941
110 K 4.06628 0.0150861 0.0381969 0.0437941 0.0371006 0.0173605 0.0251257 0.0700595 0.0450035 0.120429 0.032256 0.0349545 0.0681731 0.0799282 0.0666657 0.116003 0.0438523 0.0257887 0.0839116 0.0145474 0.0217635
111 Q 4.2991 0.0519656 0.0417873 0.0631095 0.0658161 0.0456845 0.0407197 0.0474202 0.0475383 0.0396221 0.0572307 0.0566137 0.0542268 0.0396226 0.0691222 0.0416726 0.0387849 0.0578787 0.0482591 0.0503096 0.042616
112 I 3.95896 0.0629557 0.0935406 0.0236481 0.0115176 0.0598811 0.0231045 0.094454 0.0963912 0.0457023 0.0589294 0.0627399 0.0857476 0.000963949 0.0854274 0.0254089 0.0362652 0.0509357 0.0762673 0.00515562 0.000963949
113 L 3.67811 0.0982063 0.103797 0.00114496 0.00114496 0.0363461 0.0169226 0.00152806 0.112231 0.00114496 0.114387 0.098163 0.0180563 0.0230784 0.0262818 0.00669347 0.0909012 0.0962408 0.101117 0.00889157 0.0437231
114 L 4.31102 0.0514634 0.0467433 0.0393015 0.0497389 0.0539792 0.0533658 0.0517782 0.0539178 0.0522312 0.0565578 0.0504155 0.0544304 0.0427414 0.0555248 0.0389379 0.0548993 0.0545099 0.0360295 0.0480099 0.0554242
115 G 2.55125 0.112571 0.126923 0.00491448 0.00491448 0.00491448 0.49069 0.00491448 0.00491448 0.00491448 0.00491448 0.0159196 0.00491448 0.0398904 0.00491448 0.00491448 0.0459742 0.00491448 0.00491448 0.00491448 0.104144
116 I 3.87374 0.0602394 0.0661725 0.0457611 0.0256233 0.0478953 0.021902 0.0982781 0.114495 0.00114564 0.0621842 0.071307 0.00242537 0.00114564 0.0379894 0.0309934 0.0945902 0.0937866 0.100242 0.00251957 0.021304
117 Q 4.25307 0.0525076 0.0697247 0.0305581 0.0449887 0.0690237 0.067606 0.0593084 0.0280125 0.0358557 0.0441505 0.0387614 0.0505892 0.0381009 0.069967 0.0628493 0.0629274 0.0683491 0.0232228 0.0340712 0.0494259
118 E 4.26945 0.043823 0.0478344 0.058443 0.0665558 0.0404922 0.0493701 0.0632118 0.0495952 0.0570823 0.0556174 0.0508326 0.0632522 0.0126129 0.0470751 0.0602925 0.0345983 0.04723 0.0589406 0.0349089 0.0582317
119 L 3.46016 0.00185193 0.0437798 0.0159493 0.0280031 0.0918268 0.00453538 0.0712956 0.035864 0.00185193 0.184786 0.143926 0.0140207 0.00185193 0.00185193 0.00185193 0.0364295 0.00185193 0.0671848 0.12104 0.130248
120 L 3.45533 0.0549878 0.0483019 0.00206212 0.00206212 0.068561 0.0123814 0.00206212 0.0916624 0.00206212 0.205944 0.178884 0.00206212 0.00206212 0.034191 0.00564234 0.00700713 0.0715368 0.0628808 0.0628528 0.0827945
121 N 4.24541 0.0578151 0.0569065 0.055086 0.0623021 0.0124348 0.0396622 0.0450591 0.0465904 0.0528027 0.0198731 0.0631238 0.0665032 0.029184 0.0595902 0.0612633 0.0649946 0.0638383 0.0574544 0.0414395 0.0440767
122 E 4.23055 0.0626544 0.0549195 0.0575252 0.0637889 0.0538878 0.0365068 0.0513693 0.0385295 0.0368721 0.0485157 0.0618224 0.0546626 0.000637898 0.0624413 0.0542562 0.0563988 0.0495573 0.059711 0.0365592 0.059384
123 P 2.50255 0.11482 0.0555292 0.00461865 0.00461865 0.00461865 0.00461865 0.00461865 0.0542223 0.00461865 0.00461865 0.00461865 0.00461865 0.461296 0.00461865 0.00461865 0.00582035 0.00461865 0.206867 0.00461865 0.041403
124 N 3.35984 0.0450632 0.163535 0.00181939 0.00770688 0.0971049 0.0531503 0.109115 0.0100266 0.00181939 0.00181939 0.013899 0.180973 0.0127361 0.00181939 0.00673718 0.0510759 0.00181939 0.00181939 0.114887 0.123073
125 I 3.96576 0.0501166 0.0940626 0.0256848 0.0253086 0.0761353 0.00109028 0.00722583 0.108748 0.0116529 0.0787279 0.0643658 0.0546337 0.045882 0.0360647 0.01114 0.0596143 0.0670443 0.0936834 0.0819719 0.00684728
126 Q 4.29365 0.0594088 0.0520852 0.0495277 0.0523003 0.0387077 0.0550112 0.0499908 0.0581647 0.0595844 0.0511371 0.0560201 0.0508119 0.018382 0.0613604 0.0460741 0.0520978 0.0461357 0.0445055 0.0512295 0.0474651
127 D 3.13471 0.0448554 0.00188807 0.18772 0.153685 0.0250777 0.132813 0.0103157 0.00188807 0.00188807 0.00188807 0.00188807 0.0583953 0.00188807 0.00188807 0.00188807 0.131803 0.0579087 0.00188807 0.00188807 0.178545
128 P 3.53421 0.128527 0.0761016 0.0152114 0.0142413 0.0015117 0.149555 0.00203602 0.0230425 0.0239094 0.0015117 0.0158041 0.0116862 0.150808 0.0295043 0.115694 0.128975 0.0699951 0.0015117 0.0162758 0.0241005
129 A 2.71665 0.469977 0.115006 0.0244173 0.00471116 0.00471116 0.0438699 0.0268746 0.00471116 0.00471116 0.00471116 0.00471116 0.0692585 0.0101152 0.00471116 0.00471116 0.0954811 0.00471116 0.00471116 0.00471116 0.0931772
130 Q 4.00686 0.0898005 0.0435327 0.0320143 0.0433996 0.0406847 0.000921945 0.0720592 0.0439287 0.00658208 0.0905715 0.0474922 0.0893412 0.000921945 0.0918821 0.0700389 0.0511806 0.0471062 0.0182356 0.0902206 0.0300855
131 A 4.12435 0.0736251 0.0628445 0.0449475 0.0527981 0.00906927 0.0662908 0.071576 0.0129664 0.0581782 0.0593084 0.0243431 0.0621938 0.0546061 0.0689257 0.0211379 0.0655405 0.0626836 0.0676724 0.00073682 0.0605559
132 E 4.23513 0.066025 0.0528164 0.0752067 0.0898219 0.0284691 0.0679056 0.0576932 0.0261879 0.0350061 0.0601202 0.0576479 0.0490701 0.0312834 0.0569006 0.0503744 0.045536 0.0503627 0.0457974 0.0198806 0.0338948
133 A 3.49969 0.178066 0.11514 0.0117693 0.00178516 0.0479534 0.0653314 0.0234855 0.0242987 0.015385 0.0741517 0.00178516 0.00178516 0.155604 0.00688818 0.0117891 0.165096 0.027128 0.0322176 0.00373663 0.0366044
134 Y 3.94379 0.10763 0.0570084 0.0282016 0.0381017 0.0801767 0.0210216 0.0235752 0.0521246 0.0169904 0.0185837 0.0899511 0.024511 0.0198739 0.0266665 0.00136957 0.119077 0.0291346 0.0633994 0.0461599 0.136444
135 T 4.20423 0.0665957 0.0432447 0.035132 0.0653288 0.0600408 0.0239677 0.0171117 0.0642368 0.0239804 0.0692233 0.0476987 0.0337197 0.0145785 0.0686853 0.0693712 0.063687 0.0708628 0.0488071 0.0700666 0.0436611
136 I 4.13875 0.0655383 0.0507054 0.0547929 0.0671767 0.0663419 0.00540982 0.0346692 0.0720468 0.0353745 0.0573179 0.0611612 0.0304832 0.000721583 0.0717494 0.0189741 0.0684162 0.0492469 0.0605712 0.0701169 0.0591858
137 Y 3.06783 0.00260083 0.0202413 0.00260083 0.00260083 0.157916 0.00260083 0.0222184 0.0700143 0.0610135 0.0763252 0.216684 0.00260083 0.00260083 0.0504248 0.00260083 0.00388985 0.0384811 0.00260083 0.00260083 0.259384
138 C 4.14415 0.0730157 0.0776151 0.0491207 0.0492597 0.0438637 0.0407081 0.0450692 0.0677127 0.0643131 0.0352936 0.0663294 0.0504009 0.000776643 0.0662228 0.070044 0.0652894 0.0453868 0.0456636 0.0431383 0.000776643
139 Q 4.24338 0.0548374 0.0547555 0.0631507 0.0642019 0.0347517 0.03009 0.0619735 0.0333998 0.0520402 0.0589312 0.0660075 0.0589494 0.0252435 0.0691331 0.0563841 0.0335501 0.0657224 0.0140094 0.047471 0.0553975
140 N 3.89498 0.0602946 0.020544 0.088408 0.100595 0.0647226 0.0124701 0.0758385 0.00108598 0.0439039 0.00108598 0.02637 0.108378 0.0303959 0.0972045 0.0749692 0.0865097 0.0138007 0.00108598 0.0425277 0.0498099
141 R 4.25869 0.0526761 0.0609383 0.0370305 0.0115638 0.0606321 0.038053 0.0558731 0.0626208 0.0542236 0.0505081 0.0400107 0.0564396 0.061783 0.0556673 0.0664473 0.0361762 0.0633479 0.0541747 0.0290545 0.0527795
142 V 4.30352 0.0549714 0.0483002 0.0414421 0.0435257 0.0601859 0.053102 0.0540116 0.0497359 0.0372774 0.0600665 0.0497395 0.0311783 0.0518477 0.0600103 0.0478606 0.0420122 0.0534558 0.0622021 0.0506498 0.0484248
143 E 4.24394 0.0685426 0.0587735 0.0610641 0.0685086 0.0305677 0.0482793 0.0518933 0.0388947 0.0552839 0.0528184 0.068144 0.0656315 0.0145581 0.0613996 0.0220585 0.0596553 0.0332212 0.0543243 0.0369016 0.0494798
144 Y 2.43279 0.0048142 0.0048142 0.204456 0.0048142 0.0707867 0.0284316 0.00781784 0.00910129 0.0048142 0.0048142 0.0048142 0.0048142 0.0193447 0.0048142 0.0048142 0.0048142 0.0048142 0.0048142 0.121187 0.481104
145 E 4.19244 0.0703867 0.0422091 0.0629079 0.0714933 0.0457773 0.0213574 0.0596091 0.0486753 0.045104 0.055189 0.0640344 0.0460432 0.000715043 0.0597462 0.0566762 0.0265248 0.0668463 0.0606476 0.0288635 0.0671937
146 K 4.17129 0.0490982 0.0625367 0.049308 0.054157 0.0406591 0.0593715 0.0524619 0.0612414 0.0674369 0.0579154 0.047788 0.059039 0.000674495 0.0485805 0.0665184 0.0411493 0.0558624 0.0588424 0.0016917 0.0656677
147 R 4.12605 0.0606126 0.0668305 0.0081718 0.059951 0.010687 0.0168796 0.0486477 0.0452992 0.0727439 0.0590907 0.0740405 0.0259716 0.00972143 0.0768409 0.0792019 0.0743151 0.0576815 0.07086 0.0425446 0.0399085
148 V 2.87957 0.171666 0.227252 0.00248312 0.00248312 0.00248312 0.0122739 0.00248312 0.161511 0.00248312 0.0687455 0.00433966 0.00248312 0.0337407 0.00248312 0.00248312 0.0228663 0.0161279 0.247817 0.00814664 0.00564846
149 R 4.2285 0.027371 0.0242539 0.0390939 0.0471886 0.0441687 0.0278815 0.0594451 0.071584 0.0765845 0.0547011 0.0528406 0.0501786 0.014639 0.0733771 0.0779884 0.0633838 0.0522467 0.0485825 0.0535991 0.040892
150 A 4.29698 0.0608127 0.0491387 0.056127 0.04759 0.0479164 0.0566204 0.0521024 0.0442891 0.0579639 0.0500953 0.0375605 0.0587606 0.0346322 0.0283524 0.0608013 0.0581596 0.0541297 0.0558752 0.0384004 0.0506723
151 Q 3.73643 0.0222992 0.0696126 0.0176334 0.0252637 0.0668566 0.0544321 0.0279371 0.110915 0.0489688 0.0784372 0.06553 0.0861627 0.00206165 0.204994 0.00206165 0.0212735 0.0310581 0.00206165 0.00206165 0.0603801
152 A 3.1655 0.26668 0.0237385 0.00267665 0.00267665 0.0878617 0.0928892 0.00267665 0.016778 0.00267665 0.00267665 0.0216876 0.165382 0.00267665 0.00850178 0.00267665 0.135379 0.106573 0.0289669 0.0241483 0.00267665
153 K 4.1963 0.0428665 0.0702754 0.0431765 0.0573918 0.0505528 0.00622932 0.0515259 0.0547514 0.0755548 0.0633631 0.0636844 0.0577915 0.0239043 0.0517931 0.0643925 0.0668439 0.0413918 0.0220436 0.0188466 0.0736207
154 K 4.11873 0.0720148 0.0539783 0.0725487 0.0638055 0.0157593 0.00526844 0.0477264 0.0391839 0.0733961 0.0732312 0.0466674 0.0542171 0.000734817 0.0690801 0.0654647 0.0528933 0.0675583 0.0607841 0.0170031 0.0486843
155 F 4.06648 0.0728392 0.0758349 0.0608743 0.0693033 0.0848568 0.0266782 0.0607264 0.0495335 0.0262558 0.0622025 0.0245626 0.0379128 0.00158566 0.0628104 0.0412761 0.069228 0.0140937 0.0801481 0.000848756 0.0784288
156 A 4.25112 0.0720614 0.0546935 0.046597 0.0596543 0.0601545 0.0407373 0.0652251 0.0441924 0.0205265 0.0270949 0.0443355 0.0208669 0.0536023 0.0694896 0.0720296 0.0547516 0.0614267 0.0462462 0.0404258 0.045889
157 P 4.3052 0.0510248 0.0460395 0.0543466 0.0566411 0.056289 0.0464325 0.050252 0.0498286 0.0409978 0.029331 0.0525527 0.0507362 0.0588713 0.0496893 0.0352634 0.0576347 0.0544618 0.0506977 0.0529446 0.0559653
158 S 4.17079 0.0557322 0.053648 0.00226181 0.0233189 0.0441481 0.025402 0.0664816 0.0632048 0.0530302 0.0637984 0.0559119 0.061166 0.064666 0.0608689 0.0568633 0.0694564 0.0580721 0.0597726 0.0559559 0.006241
