# POSITION WT SITE_ENTROPY PI_A PI_C PI_D PI_E PI_F PI_G PI_H PI_I PI_K PI_L PI_M PI_N PI_P PI_Q PI_R PI_S PI_T PI_V PI_W PI_Y
1 M 4.14939 0.05261 0.0605425 0.04799 0.0567709 0.0662585 0.0531676 0.0577034 0.0353278 0.0525577 0.0530437 0.096767 0.0508504 0.04305 0.0446863 0.000967733 0.051632 0.000967733 0.062146 0.0463477 0.0666129
2 S 3.87911 0.0546799 0.00107687 0.0403508 0.0543838 0.0917242 0.0542728 0.0756944 0.0480085 0.0127987 0.00992504 0.00107687 0.0771122 0.075967 0.0675904 0.00107687 0.107679 0.0937731 0.0802527 0.0514803 0.00107687
3 G 4.23947 0.0579087 0.0494112 0.0483846 0.0650936 0.064183 0.0680982 0.0574361 0.0363915 0.0646988 0.0538457 0.038405 0.0580989 0.0223237 0.0174142 0.0207663 0.0624772 0.0351768 0.050261 0.0674379 0.0621875
4 I 4.16594 0.0482338 0.072342 0.0445317 0.0297797 0.0566141 0.0409254 0.0398294 0.117539 0.0305327 0.0610062 0.105206 0.0332512 0.0285945 0.0430198 0.0492977 0.0101816 0.0492977 0.0565554 0.0427599 0.0405028
5 A 4.19628 0.0671943 0.0601797 0.000671993 0.0656721 0.0574108 0.0509371 0.0190546 0.0669583 0.0658048 0.0663438 0.0617416 0.0526226 0.0310699 0.064206 0.0324212 0.0587157 0.0384969 0.0546232 0.0407532 0.0451222
6 L 4.25882 0.0553242 0.047998 0.0501807 0.0516407 0.0659515 0.0436058 0.0465245 0.0562876 0.0419541 0.0848935 0.0567183 0.0482405 0.0340894 0.0682991 0.0167555 0.0345921 0.0447241 0.0699673 0.0403719 0.0418811
7 S 4.15127 0.00106065 0.0786279 0.0247333 0.0507748 0.0384559 0.0511305 0.030625 0.0402302 0.0265155 0.0445407 0.0505987 0.0761233 0.0370497 0.0526138 0.0569227 0.106058 0.0878614 0.0564126 0.0480086 0.0416572
8 R 4.05399 0.0450723 0.0554766 0.04573 0.046741 0.0359911 0.00186884 0.0422673 0.0501712 0.0418732 0.0461282 0.0514851 0.0564816 0.0323498 0.0586722 0.186879 0.0531771 0.0495223 0.047944 0.00977739 0.0423916
9 L 3.77381 0.0727006 0.126061 0.0128242 0.0171952 0.0401161 0.0358111 0.00173372 0.0413523 0.069492 0.173366 0.114379 0.0237528 0.00173372 0.018389 0.0228984 0.0572805 0.0654984 0.00173372 0.029749 0.0739333
10 A 3.98208 0.102069 0.00102076 0.0551061 0.00102076 0.0558726 0.0518893 0.0740031 0.026427 0.0463803 0.053042 0.0391813 0.0808893 0.00862986 0.0616211 0.00305486 0.0797506 0.0880417 0.0884721 0.0284317 0.0550969
11 Q 4.30152 0.0396272 0.0436353 0.0590333 0.0518534 0.0309523 0.0337593 0.060278 0.0482583 0.0554268 0.054678 0.0504469 0.0430539 0.0540484 0.0616801 0.0503901 0.0568171 0.0453181 0.0552682 0.0540544 0.0514208
12 E 2.98348 0.0035153 0.0035153 0.0226066 0.351465 0.0035153 0.0035153 0.0675791 0.0035153 0.0035153 0.0427506 0.0746793 0.110201 0.0035153 0.187869 0.0035153 0.030553 0.0035153 0.0200314 0.0571115 0.0035153
13 R 2.69537 0.00447477 0.00447477 0.00447477 0.0177791 0.00447477 0.00447477 0.0463366 0.00750859 0.0523345 0.0654215 0.00447477 0.00447477 0.00447477 0.188354 0.447452 0.0772906 0.00447477 0.00447477 0.048301 0.00447477
14 K 3.72532 0.00170034 0.0552315 0.0179191 0.00170034 0.0469265 0.00170034 0.0297193 0.10038 0.17002 0.104431 0.0303455 0.0717387 0.00170034 0.0162747 0.0997677 0.0227022 0.0555115 0.114146 0.0237792 0.0343063
15 A 4.13664 0.0710056 0.0662156 0.0436698 0.0681429 0.0708826 0.0539407 0.05513 0.0553008 0.0471163 0.0702721 0.0247138 0.0410906 0.000710063 0.0486181 0.0591401 0.0647425 0.0637463 0.0620665 0.000710063 0.0327857
16 W 3.09889 0.0555885 0.0984573 0.0032031 0.0032031 0.211711 0.0032031 0.0183967 0.0102744 0.0335097 0.0535192 0.0032031 0.0032031 0.0032031 0.0278663 0.0032031 0.0474179 0.0259597 0.0032031 0.320286 0.0713888
17 R 2.32652 0.00431934 0.00431934 0.00431934 0.0163118 0.00431934 0.00431934 0.00431934 0.00431934 0.281066 0.00431934 0.0124479 0.00431934 0.0231008 0.00431934 0.431905 0.154859 0.00431934 0.00431934 0.024158 0.00431934
18 K 3.75395 0.0239279 0.0790169 0.00878193 0.0220392 0.0311905 0.0507335 0.074998 0.0177855 0.138709 0.0108807 0.0528455 0.00482729 0.00138717 0.0861592 0.108697 0.0906695 0.0566924 0.131051 0.00138717 0.00822069
19 D 3.93163 0.12169 0.00973601 0.126424 0.0976745 0.124849 0.0645265 0.0419381 0.00969435 0.0314218 0.0340433 0.053348 0.0447547 0.0238255 0.00126438 0.034671 0.0143666 0.0406673 0.0467619 0.0333042 0.0450399
20 H 2.18166 0.00535091 0.00535091 0.0554257 0.00535091 0.00535091 0.00535091 0.535045 0.00535091 0.0373269 0.00747385 0.00535091 0.00535091 0.00535091 0.00535091 0.254977 0.00535091 0.00535091 0.00535091 0.0344551 0.00573425
21 P 3.56567 0.0026371 0.0173059 0.0214554 0.0026371 0.0026371 0.0304705 0.0469958 0.032323 0.0679503 0.0401094 0.0548936 0.0914491 0.263678 0.0393075 0.0026371 0.103178 0.0752662 0.0848636 0.0165367 0.00366837
22 F 3.22168 0.0444503 0.00279329 0.0797973 0.00279329 0.2793 0.038348 0.138137 0.0536739 0.00279329 0.0490008 0.00279329 0.0245568 0.00746912 0.0119734 0.00279329 0.0207962 0.00279329 0.0221391 0.0171461 0.196452
23 G 3.77283 0.0450099 0.0690863 0.00133363 0.0836534 0.0420533 0.133351 0.0398427 0.00555194 0.074268 0.0370467 0.00461432 0.114344 0.00575962 0.0733286 0.0131948 0.112173 0.00133363 0.00557852 0.052828 0.0856488
24 F 3.55084 0.00189239 0.0926527 0.029533 0.0308034 0.189228 0.0649968 0.0331561 0.0449091 0.00189239 0.0274262 0.137563 0.0288241 0.026212 0.00189239 0.00189239 0.00189239 0.0188743 0.0390257 0.0484999 0.178834
25 V 4.09806 0.0584068 0.0543358 0.0645551 0.000884088 0.0681639 0.0207215 0.0591553 0.0522922 0.0557217 0.060509 0.0691215 0.00866167 0.00841054 0.0825809 0.0822866 0.0479243 0.0332355 0.0884047 0.0371826 0.0474461
26 A 3.5943 0.169841 0.0756396 0.00632375 0.00169855 0.123627 0.102348 0.0343174 0.0604683 0.0250766 0.0869202 0.00169855 0.0127454 0.00169855 0.0135138 0.00169855 0.130915 0.0409236 0.00169855 0.0603485 0.0484994
27 V 4.0947 0.0238668 0.0545741 0.000819963 0.0523923 0.0585659 0.0413638 0.0659534 0.0792291 0.0742032 0.0754839 0.0631503 0.0459196 0.0437373 0.00195379 0.0689047 0.0430869 0.0105241 0.0819921 0.0495094 0.0647693
28 P 3.69313 0.139961 0.00178574 0.0393923 0.00178574 0.0361622 0.104625 0.072087 0.00178574 0.0438141 0.0623477 0.0288299 0.0444935 0.178568 0.0147922 0.0864885 0.0323828 0.0641796 0.0429476 0.00178574 0.00178574
29 T 4.2118 0.0612837 0.059538 0.0547187 0.0601258 0.0438809 0.0678183 0.0618418 0.0554181 0.0571737 0.0469785 0.0672478 0.0368423 0.00780977 0.065181 0.0504269 0.0507784 0.0713996 0.0285482 0.0104215 0.0425671
30 K 4.12177 0.0647699 0.0100772 0.0239686 0.0365567 0.041382 0.056802 0.0631585 0.0752149 0.10008 0.0332846 0.0634166 0.0290291 0.0596822 0.0403244 0.068843 0.0830295 0.0378887 0.0754136 0.00218609 0.034892
31 N 4.24566 0.0396223 0.0644317 0.0198327 0.0596442 0.042329 0.0246572 0.0630203 0.0509539 0.0649297 0.0558911 0.0650098 0.0721779 0.0315193 0.0538005 0.0467459 0.0590691 0.0380193 0.023624 0.0586726 0.0660495
32 P 4.28733 0.0574319 0.0424512 0.0420478 0.0529001 0.0185515 0.0600084 0.0606433 0.0569397 0.0419985 0.0511284 0.0445162 0.0557342 0.0635869 0.0456918 0.037903 0.0493489 0.0533901 0.0520092 0.063251 0.0504678
33 D 3.05679 0.00311978 0.0403541 0.311938 0.14995 0.00311978 0.00635775 0.00311978 0.00688299 0.00311978 0.0206777 0.0409501 0.122802 0.00311978 0.0115655 0.00311978 0.00311978 0.034032 0.00311978 0.126508 0.103023
34 G 4.08255 0.043126 0.0523013 0.0788885 0.0753946 0.0114996 0.11425 0.0763506 0.0259414 0.0426133 0.0371905 0.06603 0.0472601 0.0338868 0.0944623 0.0770641 0.0333401 0.00944014 0.0178981 0.0477721 0.0152902
35 T 2.88936 0.149105 0.00301496 0.00301496 0.00301496 0.00301496 0.121015 0.0883541 0.00301496 0.00301496 0.00301496 0.0324123 0.00301496 0.0327651 0.0257341 0.00301496 0.204381 0.301453 0.00435201 0.00301496 0.0102782
36 M 3.62839 0.00604435 0.0608748 0.0379699 0.0322028 0.0447821 0.0125087 0.0364414 0.0871747 0.0755135 0.131443 0.173893 0.0017391 0.0017391 0.00636472 0.135956 0.0214448 0.0017391 0.0592991 0.0017391 0.0711307
37 N 4.25544 0.0421974 0.0413351 0.0507548 0.0484011 0.0550822 0.0629479 0.0619869 0.0446099 0.0509129 0.045943 0.0586562 0.0647606 0.00406116 0.0502078 0.053682 0.0496138 0.0637295 0.0563164 0.0445665 0.0502349
38 L 3.38071 0.0574959 0.0643476 0.00192666 0.0063615 0.154292 0.00192666 0.00192666 0.114138 0.00192666 0.192656 0.0642561 0.00192666 0.0684713 0.00192666 0.00192666 0.00192666 0.0357606 0.140685 0.0282839 0.0578386
39 M 4.06918 0.050741 0.0537891 0.028174 0.0824391 0.0635479 0.053385 0.0407921 0.0348904 0.0335808 0.0829937 0.101546 0.0314472 0.0231179 0.00101553 0.0491697 0.00101553 0.0725984 0.0935847 0.053974 0.0481979
40 N 4.25731 0.0336797 0.0567145 0.0472389 0.0398841 0.0644395 0.0116688 0.050681 0.0553809 0.0620315 0.0636402 0.0644354 0.0662088 0.0305353 0.0605297 0.0471231 0.0519163 0.0446881 0.0650018 0.0406791 0.0435233
41 W 3.22482 0.020919 0.0169761 0.00321723 0.166328 0.0833063 0.00321723 0.0431157 0.0165326 0.0595088 0.00997516 0.0341126 0.107987 0.00321723 0.0145181 0.00321723 0.0406565 0.00321723 0.0450574 0.321704 0.00321723
42 E 4.21676 0.052281 0.0445811 0.0656568 0.066216 0.0547348 0.0579878 0.0323481 0.047517 0.0637179 0.0528818 0.0598674 0.0156611 0.00353516 0.0456809 0.0523631 0.0581844 0.0655421 0.0586539 0.0376614 0.0649286
43 C 3.84718 0.0736741 0.122548 0.0395091 0.0272675 0.0377632 0.114055 0.00122554 0.0656238 0.00122554 0.0171636 0.0687319 0.10396 0.049745 0.00242729 0.00122554 0.0770847 0.0702828 0.0749297 0.0349682 0.01659
44 A 4.16879 0.0829641 0.0159329 0.0332406 0.0729028 0.0632772 0.0582143 0.0545001 0.0731308 0.0402293 0.0709574 0.0645565 0.0469078 0.0243718 0.0695829 0.000829649 0.0454901 0.0497655 0.0474347 0.0485199 0.0371917
45 I 3.57377 0.00267283 0.113476 0.00507547 0.00156331 0.06452 0.00900078 0.00156331 0.156317 0.00156331 0.0438018 0.137966 0.0142453 0.0625734 0.00156331 0.0364141 0.0368536 0.126434 0.107994 0.0375745 0.0388274
46 P 4.12167 0.0825631 0.0862821 0.0227742 0.0377872 0.0215425 0.055182 0.0490456 0.0730952 0.0406602 0.0563961 0.0211909 0.0429529 0.123885 0.0104154 0.0443538 0.0508615 0.0358459 0.0777759 0.0228089 0.0445818
47 G 3.74326 0.0749636 0.0858382 0.00224807 0.00224807 0.0398225 0.224804 0.0389801 0.0312465 0.0987998 0.00224807 0.0602607 0.0458956 0.00224807 0.0407847 0.0176756 0.062341 0.0202239 0.0445196 0.0369933 0.067859
48 K 3.94786 0.0700798 0.0309047 0.0567682 0.0493132 0.000924623 0.00292821 0.0543074 0.0370379 0.0924556 0.0890273 0.0697405 0.0681328 0.0658944 0.0628342 0.0835755 0.0103282 0.0841885 0.0672245 0.000924623 0.00340965
49 K 4.22888 0.064683 0.0564716 0.0440467 0.0625395 0.0662894 0.0623692 0.0565224 0.0551537 0.0715801 0.0257267 0.0455588 0.0632957 0.0155579 0.0518961 0.0519063 0.0114402 0.0376056 0.0666834 0.0445861 0.0460877
50 G 4.06589 0.0704268 0.0487922 0.0247484 0.0636123 0.0792871 0.0807858 0.0751308 0.00788149 0.0599219 0.0595011 0.00228066 0.0459775 0.000807879 0.063259 0.0685713 0.0776623 0.018156 0.039481 0.0506509 0.0630655
51 T 3.15835 0.00190814 0.166468 0.00190814 0.00190814 0.0366447 0.0621413 0.0632828 0.00244192 0.0379976 0.00190814 0.00190814 0.0799196 0.00190814 0.148678 0.00190814 0.178187 0.190785 0.00190814 0.00190814 0.0162817
52 P 4.30215 0.0476987 0.0483691 0.0530307 0.04568 0.0497745 0.0429492 0.0477964 0.0567998 0.0545814 0.0407879 0.0468977 0.0360899 0.0643511 0.0598765 0.0447623 0.0524708 0.0588138 0.0321328 0.0570016 0.0601358
53 W 2.9532 0.00342958 0.00363397 0.0188009 0.0211542 0.186375 0.00342958 0.00342958 0.00342958 0.00342958 0.0287021 0.0214 0.162023 0.00342958 0.00342958 0.0160237 0.046484 0.00342958 0.0600884 0.34294 0.064938
54 E 3.99185 0.0590709 0.00603107 0.0258139 0.0940778 0.0824031 0.0776039 0.0480696 0.0458191 0.0595622 0.00872593 0.0915014 0.0120715 0.000940816 0.0931918 0.0241701 0.0886011 0.0704344 0.0519187 0.019528 0.0404646
55 G 4.25205 0.0530968 0.0692529 0.0551136 0.0608021 0.0465215 0.0718862 0.0610088 0.0399967 0.0499074 0.056638 0.0670916 0.0419395 0.0494425 0.0639872 0.0259286 0.0507149 0.0140064 0.0271326 0.0474871 0.0480458
56 G 2.74995 0.0543949 0.106026 0.00457181 0.00457181 0.00457181 0.457172 0.00457181 0.027741 0.00457181 0.00457181 0.144482 0.00457181 0.0535312 0.00908697 0.00457181 0.00907669 0.00457181 0.0428168 0.00457181 0.0499548
57 L 4.18149 0.0226433 0.0799716 0.0153539 0.0793471 0.0455856 0.0207493 0.0507548 0.0608758 0.0545214 0.0809092 0.0613082 0.0536877 0.0186837 0.0743762 0.0755268 0.059934 0.0312246 0.043443 0.0410275 0.0300764
58 F 3.65827 0.0455333 0.0303273 0.0467882 0.0354017 0.208271 0.0256892 0.0020828 0.038626 0.022694 0.0180944 0.0744676 0.0020828 0.0228907 0.0580221 0.0168063 0.00927 0.0401645 0.119479 0.0125097 0.1708
59 K 4.29054 0.0448807 0.0578455 0.0369257 0.0560102 0.0527034 0.0326575 0.0437434 0.0464459 0.0631909 0.0520086 0.0276652 0.0611943 0.0386452 0.0558822 0.0534677 0.0600391 0.0610679 0.062255 0.0429531 0.0504185
60 L 3.69161 0.116769 0.0941471 0.00120087 0.00120087 0.0788043 0.0673562 0.0162051 0.103602 0.014456 0.120084 0.119081 0.00120087 0.00120087 0.0137708 0.0151123 0.0278521 0.074967 0.0743442 0.00870395 0.0499424
61 R 4.3049 0.0487945 0.058276 0.0553749 0.0482247 0.052111 0.0398565 0.0486051 0.039173 0.0512564 0.0549665 0.0474865 0.0497675 0.0427416 0.0594892 0.0631535 0.0627587 0.053093 0.0484601 0.0342054 0.0422059
62 M 3.59778 0.0990008 0.0927824 0.0149491 0.00143417 0.104795 0.00822394 0.0212942 0.104185 0.0246389 0.0801392 0.143409 0.00143417 0.00933525 0.0128326 0.00143417 0.011175 0.078769 0.133885 0.00143417 0.0548477
63 L 4.14929 0.0621904 0.0255339 0.0550658 0.04281 0.0589462 0.058056 0.0679282 0.0685373 0.0615041 0.0713104 0.0561669 0.0613196 0.000713111 0.0518514 0.0657136 0.0551178 0.0407564 0.0476863 0.000713111 0.0480793
64 F 3.74476 0.0701953 0.0625139 0.0884562 0.0308485 0.130208 0.00651897 0.00625893 0.0920221 0.0013021 0.102243 0.0572523 0.0342324 0.0179401 0.0255248 0.0013021 0.0013021 0.0129055 0.128168 0.0338941 0.0969126
65 K 4.15485 0.016132 0.0764549 0.0141109 0.0458941 0.0399405 0.0682473 0.0749444 0.0549055 0.0777451 0.0526395 0.0398095 0.0520264 0.0698422 0.0565448 0.0589822 0.0693841 0.0508613 0.0304323 0.000777461 0.0503255
66 D 4.23082 0.0589788 0.0599306 0.0654776 0.0650039 0.0451528 0.0531278 0.063339 0.0466944 0.0432396 0.0634662 0.0557182 0.0529348 0.0624919 0.0598491 0.0037227 0.0467374 0.0605497 0.0317738 0.028423 0.0333887
67 D 4.20504 0.0718183 0.0712029 0.0723765 0.0689214 0.0466685 0.0545074 0.0451405 0.0149068 0.0320041 0.023537 0.0672643 0.0698905 0.0557418 0.0552623 0.0334421 0.065253 0.0585071 0.0513351 0.0162636 0.0259569
68 Y 3.24043 0.0269843 0.0369434 0.00262246 0.00262246 0.167204 0.00262246 0.113935 0.00262246 0.00262246 0.00262246 0.0857927 0.00262246 0.00262246 0.00262246 0.0820941 0.0245672 0.0660158 0.0248868 0.0857549 0.26222
69 P 2.70699 0.0545091 0.0247233 0.00894771 0.00473144 0.0489275 0.00473144 0.00473144 0.00473144 0.121928 0.00473144 0.00473144 0.00473144 0.473118 0.00473144 0.00473144 0.00473144 0.0385028 0.0624529 0.114845 0.00473144
70 S 4.2298 0.0561863 0.0577556 0.0166369 0.0493203 0.047335 0.0521335 0.0663245 0.046662 0.0245635 0.0536105 0.0555596 0.0481385 0.00994271 0.0682895 0.0438611 0.0694753 0.0691913 0.0486671 0.0490671 0.0672797
71 S 4.20505 0.051546 0.0659585 0.0391259 0.0357608 0.0284667 0.0486814 0.0578271 0.040125 0.0757601 0.0235689 0.0266393 0.0618632 0.025046 0.0804625 0.0438014 0.0807822 0.0726918 0.0173969 0.0578174 0.066679
72 P 3.46267 0.129218 0.121229 0.00665232 0.0138736 0.00147884 0.0376659 0.0179334 0.00147884 0.0201267 0.00147884 0.00147884 0.147041 0.14788 0.0937905 0.0362834 0.120183 0.0254109 0.0714517 0.00386676 0.00147884
73 P 3.21983 0.160614 0.131515 0.00165018 0.00165018 0.00845927 0.00165018 0.00165018 0.0857425 0.00165018 0.0375304 0.0952494 0.00165018 0.165012 0.00165018 0.00548755 0.0367065 0.131362 0.127089 0.00165018 0.00203084
74 K 4.23349 0.0478477 0.0429315 0.0517935 0.0469637 0.0459298 0.0531437 0.0500166 0.0491866 0.0872957 0.05127 0.0458543 0.0500527 0.0509082 0.0591059 0.0632957 0.0458809 0.0550561 0.0553206 0.000872979 0.0472737
75 C 3.77869 0.088673 0.114447 0.00613929 0.00221949 0.0662688 0.112311 0.00631791 0.0417252 0.00114447 0.0593364 0.10752 0.0323521 0.0656054 0.00114447 0.0264219 0.113499 0.0726206 0.045794 0.0320186 0.0044418
76 K 4.21587 0.0484894 0.0690843 0.0336742 0.0445652 0.0423404 0.0602641 0.0421745 0.0543348 0.0747513 0.0535639 0.0655658 0.0435715 0.000747513 0.0580977 0.0530299 0.0446186 0.0437594 0.0630326 0.0713478 0.0329872
77 F 2.4323 0.00508399 0.011495 0.00508399 0.0209556 0.508381 0.00508399 0.00508399 0.0216578 0.00508399 0.170438 0.0635525 0.00508399 0.00508399 0.00508399 0.00508399 0.00508399 0.126501 0.00508399 0.00508399 0.0160109
78 E 4.2265 0.0610895 0.0275376 0.0653695 0.0672426 0.0581432 0.0583957 0.0629597 0.0520522 0.0423133 0.0524433 0.0469419 0.051983 0.00165313 0.0634866 0.0457854 0.0588493 0.0518549 0.0398497 0.0588937 0.0331558
79 P 4.29996 0.0384692 0.0584963 0.0507846 0.0481977 0.0661696 0.0505072 0.0421429 0.0437107 0.0473772 0.0655416 0.0555412 0.0402887 0.0672003 0.0530046 0.0424886 0.0470023 0.0554253 0.0450476 0.0456344 0.0369698
80 P 4.26535 0.0517296 0.0172399 0.0626661 0.0547821 0.0640727 0.0587255 0.060744 0.0275627 0.0535775 0.0356331 0.0515938 0.0546358 0.0646195 0.0455334 0.0573259 0.0525798 0.059491 0.0257297 0.0513473 0.0504106
81 L 3.04445 0.0509992 0.0344261 0.00210131 0.00210131 0.0713168 0.0103235 0.00210131 0.172702 0.00652582 0.210125 0.174385 0.00210131 0.0257642 0.00210131 0.0113167 0.0055232 0.0117152 0.200169 0.00210131 0.00210131
82 F 3.14688 0.0125581 0.0273873 0.00304095 0.0356294 0.304081 0.0264491 0.0923291 0.0215341 0.00304095 0.0803688 0.0546489 0.00304095 0.00304095 0.00304095 0.00304095 0.00304095 0.0404228 0.00512303 0.213574 0.0646078
83 H 1.98987 0.00690644 0.00690644 0.0424348 0.00690644 0.0379433 0.00690644 0.690608 0.0176732 0.0908629 0.0111623 0.00690644 0.00690644 0.00690644 0.00690644 0.00690644 0.00690644 0.00690644 0.0101012 0.016337 0.00690644
84 P 3.68237 0.119088 0.082578 0.0616331 0.00119485 0.00119485 0.00429333 0.00119485 0.0907177 0.00119485 0.0721831 0.0814372 0.0794408 0.119476 0.0492984 0.00119485 0.00788905 0.0904175 0.0632035 0.00678398 0.0655857
85 N 3.0596 0.0858855 0.121236 0.00305934 0.0442874 0.0595771 0.00305934 0.00305934 0.00305934 0.00305934 0.00305934 0.0403023 0.305912 0.00305934 0.00305934 0.0157797 0.200379 0.00305934 0.0465195 0.0495268 0.00305934
86 V 3.37391 0.094732 0.126289 0.0182642 0.00169309 0.0539805 0.00169309 0.00799312 0.0819509 0.0709764 0.0235804 0.169267 0.00399855 0.00169309 0.00214425 0.00169309 0.116235 0.00169309 0.169297 0.00169309 0.051132
87 Y 3.10885 0.00328549 0.00328549 0.00328549 0.0280506 0.224585 0.0144435 0.052848 0.0454313 0.0132715 0.0403348 0.0918942 0.00328549 0.00328549 0.0213729 0.00328549 0.00328549 0.0471192 0.0339055 0.0352261 0.328519
88 P 4.27053 0.0564424 0.0333641 0.0382151 0.0357161 0.0631627 0.0553977 0.0551168 0.0406937 0.0707111 0.0597326 0.0611224 0.0506544 0.0759561 0.0299979 0.049799 0.0579169 0.0494715 0.0450884 0.0245631 0.0468783
89 S 4.25073 0.0655862 0.0301256 0.064744 0.0491029 0.067968 0.0576221 0.0268953 0.0564627 0.0632539 0.0483278 0.0373816 0.0308248 0.0564075 0.0311955 0.0647352 0.0710945 0.07102 0.028162 0.0427956 0.0362947
90 G 2.89581 0.0562262 0.101494 0.00298316 0.00298316 0.00298316 0.298309 0.00298316 0.0276255 0.00298316 0.00298316 0.064799 0.00298316 0.0874628 0.00298316 0.00298316 0.0178078 0.00298316 0.0494177 0.00298316 0.264044
91 T 4.23755 0.0432642 0.017736 0.0315719 0.0589967 0.0545108 0.0334159 0.0489346 0.0595061 0.0153961 0.0604705 0.065743 0.0704567 0.0555003 0.0524801 0.0485532 0.0404114 0.0793484 0.0466954 0.0683825 0.0486262
92 V 3.48975 0.12313 0.0955527 0.0494085 0.00171777 0.0391383 0.00171777 0.00275251 0.0628692 0.00171777 0.143451 0.00171777 0.00171777 0.0766267 0.00171777 0.00171777 0.0903045 0.0658693 0.171771 0.0178968 0.0492048
93 C 3.48824 0.0985878 0.257859 0.0279734 0.0543008 0.0891179 0.00366994 0.0381004 0.0677906 0.0151926 0.0622645 0.0702968 0.0791678 0.0025787 0.0303771 0.0025787 0.0025787 0.0025787 0.0898287 0.0025787 0.0025787
94 L 3.61705 0.0782775 0.0935421 0.0105776 0.0282971 0.120469 0.0016895 0.0161358 0.105281 0.0016895 0.168949 0.0513304 0.0286596 0.0016895 0.0016895 0.0016895 0.072437 0.0116181 0.0957924 0.0261369 0.0840493
95 S 3.13504 0.0248608 0.0608239 0.00256815 0.0325125 0.00256815 0.00256815 0.00256815 0.0421906 0.0245702 0.0162015 0.00256815 0.205192 0.00256815 0.00635341 0.00256815 0.256781 0.167191 0.00409805 0.0801379 0.0611108
96 I 3.86733 0.00127328 0.0845504 0.0403034 0.00127328 0.0151206 0.0332327 0.0269645 0.127322 0.0105952 0.081507 0.0722923 0.0352898 0.00127328 0.0290928 0.0730141 0.113803 0.0703244 0.101222 0.0461781 0.0353683
97 L 4.23105 0.0623677 0.0158203 0.054673 0.060503 0.0296759 0.0566092 0.0660366 0.0370831 0.0535043 0.0689081 0.067572 0.0651386 0.0577577 0.0623027 0.0591565 0.0526257 0.0199982 0.0458879 0.044446 0.0199335
98 E 4.21402 0.0313492 0.0362262 0.0307742 0.0897643 0.0529441 0.0389545 0.0504679 0.0319035 0.0598814 0.0770416 0.0715965 0.0277681 0.0751664 0.0437736 0.038503 0.0215212 0.0514873 0.0708557 0.069428 0.0305933
99 E 4.2567 0.0627077 0.0529256 0.0353825 0.0655765 0.0537779 0.0432327 0.0301707 0.0583131 0.0567035 0.0609164 0.0572894 0.0582138 0.0581773 0.0495028 0.0498103 0.060742 0.0102468 0.0547843 0.0293803 0.0521464
100 D 4.23993 0.0594012 0.0184549 0.0728722 0.0364159 0.0668747 0.0584627 0.0508346 0.0297717 0.0707733 0.0621044 0.0267758 0.051741 0.0614265 0.0530125 0.0359984 0.0239089 0.0677662 0.0408245 0.057917 0.0546639
101 K 4.28948 0.0358934 0.055567 0.0543377 0.0692899 0.058783 0.0456263 0.0502515 0.0398642 0.0694885 0.0558968 0.0354319 0.0433116 0.0376206 0.0471056 0.0577645 0.0575264 0.0521298 0.0592619 0.0323115 0.042538
102 D 3.99001 0.0796381 0.0786685 0.089961 0.0689532 0.047937 0.0560303 0.0685335 0.0225828 0.0391763 0.00656853 0.0888909 0.0579675 0.000899655 0.000899655 0.000899655 0.0689032 0.0539987 0.0493733 0.066502 0.053616
103 W 2.46857 0.00329401 0.00329401 0.00329401 0.00329401 0.265592 0.00329401 0.0913981 0.00433436 0.00329401 0.00329401 0.0558331 0.00329401 0.00329401 0.00329401 0.00329401 0.00329401 0.00329401 0.00329401 0.329375 0.207352
104 R 3.32567 0.131057 0.147944 0.0467614 0.0365287 0.00169384 0.0141376 0.00169384 0.00169384 0.147321 0.00814864 0.00472284 0.00169384 0.00169384 0.0216594 0.169363 0.135737 0.0868343 0.02613 0.0134922 0.00169384
105 P 3.46576 0.101509 0.13897 0.00142073 0.0790005 0.00142073 0.112821 0.00142073 0.0549552 0.00142073 0.00142073 0.0926819 0.00142073 0.142065 0.00215523 0.0283311 0.119351 0.0448693 0.0651339 0.00614335 0.00348874
106 A 3.33407 0.150469 0.108774 0.00811602 0.0199983 0.00150486 0.133271 0.00150486 0.0637636 0.00150486 0.0519349 0.00150486 0.00150486 0.0245103 0.0278886 0.00150486 0.105547 0.144735 0.148953 0.00150486 0.00150486
107 I 4.09217 0.0654177 0.0485874 0.0599198 0.0621897 0.0635634 0.0739219 0.0662518 0.0754218 0.016624 0.0590162 0.0694632 0.054483 0.00135581 0.071096 0.019249 0.0681072 0.0528161 0.0515994 0.000754219 0.0201622
108 T 4.30184 0.0383854 0.0490174 0.0521315 0.0567446 0.0414125 0.058453 0.0531639 0.0464412 0.057587 0.0433694 0.0520662 0.0490709 0.0614167 0.0430805 0.0459025 0.0487034 0.0725251 0.0453558 0.0505145 0.0346586
109 I 3.53533 0.139665 0.0453768 0.00304177 0.00140173 0.0629065 0.0261843 0.00968999 0.140166 0.00140173 0.125339 0.131759 0.00140173 0.0112639 0.0215903 0.0127327 0.0152083 0.0440694 0.124876 0.0772289 0.00469609
110 K 4.03106 0.0109437 0.0376004 0.0449146 0.0382516 0.0140572 0.0235243 0.0730888 0.0461388 0.123117 0.031044 0.0334812 0.0694633 0.0837682 0.0682616 0.116295 0.0422952 0.0245102 0.0864272 0.0120435 0.0207751
111 Q 4.29516 0.0523543 0.041172 0.0639842 0.06763 0.0453909 0.0396129 0.0477542 0.0475393 0.0393048 0.0578992 0.0572629 0.0545184 0.0376613 0.0695932 0.0406046 0.038008 0.0592593 0.0485841 0.049551 0.0423154
112 I 3.94877 0.0620743 0.0935796 0.0211153 0.00995837 0.0611071 0.0228673 0.0938751 0.0992824 0.045261 0.0602086 0.0641577 0.0844898 0.000992825 0.0847263 0.0261668 0.0374197 0.0488725 0.0783094 0.0045432 0.000992825
113 L 3.65627 0.0930188 0.103566 0.00116217 0.00116217 0.0342729 0.0110536 0.00116217 0.111485 0.00116217 0.116215 0.0989794 0.0174277 0.02636 0.0259611 0.00617924 0.0946244 0.100286 0.10352 0.00802238 0.0443804
114 L 4.30897 0.0520543 0.0467045 0.0375462 0.0488193 0.0545653 0.0529261 0.0517225 0.054711 0.0526295 0.0572943 0.0509687 0.0551435 0.0411835 0.0562605 0.0385207 0.0556054 0.0548089 0.035967 0.0469651 0.0556036
115 G 2.5458 0.11954 0.132678 0.00486994 0.00676094 0.00486994 0.486978 0.00486994 0.00486994 0.00486994 0.00486994 0.0108811 0.00486994 0.0390463 0.00486994 0.00486994 0.0460874 0.00486994 0.00486994 0.00486994 0.0995896
116 I 3.83863 0.0592432 0.0643361 0.0469105 0.0214634 0.046956 0.0195011 0.100747 0.117441 0.00117442 0.0612904 0.0706842 0.00117442 0.00117442 0.0335455 0.0322385 0.0989652 0.0958214 0.104321 0.00117442 0.0218391
117 Q 4.24151 0.0521186 0.0701705 0.0287801 0.0447446 0.0691018 0.0713355 0.0591985 0.0260457 0.0346741 0.043711 0.0359128 0.0506368 0.0381362 0.0714109 0.0650973 0.0647809 0.0688992 0.0216561 0.0334206 0.0501686
118 E 4.26358 0.0426779 0.0481051 0.0585411 0.0672048 0.0383187 0.0496745 0.0653082 0.0505353 0.0585325 0.0558613 0.0505477 0.0632893 0.0118237 0.0465327 0.0601748 0.0319282 0.0467874 0.0596854 0.0352189 0.0592526
119 L 3.43263 0.00186649 0.0376504 0.0181169 0.0309035 0.0891261 0.00217516 0.0779964 0.0278726 0.00186649 0.18664 0.147866 0.0126945 0.00186649 0.00186649 0.00186649 0.0379272 0.00186649 0.0645339 0.130402 0.124897
120 L 3.42821 0.051945 0.0417501 0.00210941 0.00210941 0.0661334 0.0116091 0.00210941 0.0918912 0.00210941 0.210935 0.186497 0.00210941 0.00210941 0.039911 0.00602595 0.00520255 0.0740116 0.0544504 0.0622888 0.0846931
121 N 4.23082 0.0600533 0.0567794 0.0536228 0.0627185 0.00783106 0.0403854 0.0444487 0.0470193 0.0529661 0.0175948 0.0636451 0.0672721 0.0304796 0.0595115 0.0616316 0.0656152 0.0656656 0.0570667 0.0418739 0.0438193
122 E 4.22928 0.0630133 0.0539065 0.0579125 0.0642901 0.053738 0.0363637 0.0512412 0.038603 0.0362895 0.0480173 0.062042 0.0546464 0.000642902 0.0624291 0.0538582 0.0586642 0.0482274 0.0600703 0.0364013 0.0596429
123 P 2.50021 0.108069 0.049418 0.00459007 0.00459007 0.00459007 0.00459007 0.00459007 0.0597691 0.00459007 0.00459007 0.00459007 0.00459007 0.458994 0.00459007 0.00459007 0.00459007 0.00459007 0.212931 0.00459007 0.0465579
124 N 3.30601 0.0441163 0.17096 0.00180239 0.00180239 0.097404 0.0540498 0.112935 0.0093497 0.00180239 0.00180239 0.0113552 0.180218 0.0111537 0.00180239 0.0062021 0.0479313 0.00180239 0.00180239 0.117484 0.124224
125 I 3.90104 0.0511938 0.0966909 0.0239561 0.0248913 0.0785105 0.00109851 0.0026906 0.109845 0.0106723 0.0803751 0.0641394 0.0555349 0.0464651 0.0362013 0.00651635 0.0594474 0.0675017 0.0961851 0.0868438 0.00124116
126 Q 4.2894 0.0592521 0.0517223 0.0494109 0.0527962 0.0385617 0.0564239 0.0497188 0.0584543 0.060184 0.0510932 0.0557296 0.0509511 0.0162296 0.0622846 0.0461429 0.0522103 0.0459078 0.044122 0.052354 0.0464506
127 D 3.08687 0.0455339 0.00186124 0.1861 0.158767 0.0144267 0.144366 0.00795155 0.00186124 0.00186124 0.00186124 0.00186124 0.0550561 0.00186124 0.00186124 0.00186124 0.128338 0.0570858 0.00186124 0.00186124 0.183762
128 P 3.48293 0.129648 0.0770376 0.0140002 0.00824483 0.0015557 0.141631 0.0015557 0.0213163 0.0246053 0.0015557 0.00914505 0.0091247 0.155562 0.0303631 0.129014 0.127774 0.0749229 0.0015557 0.0165867 0.024802
129 A 2.75552 0.462505 0.11291 0.0315685 0.0046253 0.0046253 0.0413438 0.0324484 0.0046253 0.0046253 0.0046253 0.0046253 0.0679962 0.0123714 0.0046253 0.0046253 0.0905813 0.0046253 0.0046253 0.0046253 0.0973969
130 Q 3.99442 0.0914038 0.0430447 0.0324271 0.0441286 0.0382407 0.00093383 0.0750466 0.044495 0.0049488 0.0898984 0.0481044 0.0851152 0.00093383 0.0933761 0.0759233 0.052782 0.0491877 0.0147856 0.0864935 0.028731
131 A 4.0855 0.0764864 0.0623314 0.0421107 0.0534558 0.0034696 0.0666851 0.0743015 0.00864814 0.0600784 0.0619183 0.0218618 0.0617651 0.0582875 0.0715503 0.0191165 0.0659257 0.0632506 0.0671548 0.000764877 0.0608375
132 E 4.22279 0.0677255 0.0552122 0.0731391 0.0917218 0.0254958 0.0698613 0.059148 0.0231561 0.0336394 0.0606031 0.0577039 0.0494064 0.0319683 0.0570859 0.051184 0.0455063 0.0503824 0.0462403 0.0177288 0.0330916
133 A 3.45353 0.178413 0.117997 0.0117632 0.00178423 0.0475592 0.0680612 0.0237898 0.0134218 0.0149222 0.0768073 0.00178423 0.00178423 0.159566 0.00554861 0.0122043 0.167566 0.0252805 0.0332823 0.00178423 0.036681
134 Y 3.91728 0.111136 0.0574111 0.0290398 0.0388387 0.0777687 0.0185146 0.0223827 0.0489956 0.0144532 0.0172188 0.0922596 0.0252049 0.0189879 0.0251014 0.00137052 0.123907 0.0263093 0.0656913 0.0483687 0.13704
135 T 4.17872 0.0675771 0.0426246 0.0325078 0.0673874 0.0625716 0.021464 0.0117422 0.0670066 0.0219575 0.0707581 0.0490617 0.0330866 0.013385 0.0710635 0.0696651 0.0654612 0.0731398 0.0482821 0.068719 0.042539
136 I 4.10939 0.0678425 0.0488188 0.0570004 0.0699793 0.0657953 0.000738789 0.0322101 0.0738764 0.0346209 0.0573049 0.0630778 0.0285101 0.000738789 0.072951 0.0176932 0.0689353 0.0491019 0.0603816 0.0676966 0.0627264
137 Y 3.0491 0.00252135 0.018843 0.00252135 0.00252135 0.152732 0.00252135 0.0181639 0.070891 0.063913 0.0798918 0.227996 0.00252135 0.00252135 0.0529306 0.00252135 0.00252135 0.0373052 0.00252135 0.00252135 0.25212
138 C 4.13662 0.0751544 0.079938 0.0484366 0.0481666 0.0423852 0.0404551 0.044116 0.068652 0.063686 0.0323038 0.0682722 0.049079 0.000799391 0.0668349 0.0716125 0.0665569 0.0441825 0.0443131 0.0442562 0.000799391
139 Q 4.21661 0.0554367 0.0547408 0.0628758 0.0646346 0.0319227 0.0287312 0.0645064 0.0323426 0.0538159 0.0603929 0.0686389 0.0606575 0.0243424 0.0710728 0.0573003 0.0305588 0.0673572 0.00699997 0.0495108 0.0541616
140 N 3.83486 0.0572214 0.0135435 0.0875211 0.108328 0.0665202 0.00605555 0.0775019 0.00111614 0.0449665 0.00111614 0.0211285 0.111609 0.0312401 0.0926254 0.0798851 0.0950756 0.00878583 0.00111614 0.0437088 0.0509353
141 R 4.23882 0.0534279 0.0621057 0.0377368 0.00531689 0.0635886 0.0392471 0.0548891 0.0653929 0.0546107 0.0494863 0.0393417 0.056612 0.0587044 0.0546669 0.0677789 0.0343436 0.0645548 0.0554722 0.0283114 0.0544123
142 V 4.30151 0.0558752 0.0484256 0.040777 0.0432258 0.0601244 0.052601 0.0544532 0.0498412 0.0362805 0.0598083 0.0501798 0.0303939 0.0506562 0.0618133 0.0481277 0.0419605 0.0548655 0.0625045 0.0492134 0.048873
143 E 4.23513 0.068724 0.0604442 0.0615419 0.0694303 0.0267047 0.0509367 0.0519953 0.0394165 0.056083 0.052813 0.0690484 0.0660381 0.0142298 0.0623255 0.0198045 0.0586199 0.0313053 0.0531402 0.0378875 0.0495112
144 Y 2.41102 0.00466173 0.00466173 0.227183 0.00466173 0.0651248 0.0295794 0.00466173 0.00516174 0.00466173 0.00466173 0.00466173 0.00466173 0.0226802 0.00466173 0.00466173 0.00466173 0.00466173 0.00466173 0.123502 0.466166
145 E 4.18251 0.0719524 0.0409506 0.0632572 0.0729121 0.0456333 0.0188712 0.0607829 0.0485073 0.0456698 0.0546619 0.0649108 0.0443763 0.000729123 0.0601527 0.0564506 0.0240183 0.0662086 0.0617941 0.0285202 0.0696406
146 K 4.16251 0.049757 0.0617573 0.0493797 0.0540789 0.0387155 0.0642582 0.0517482 0.0616118 0.0683342 0.057523 0.0474081 0.0586373 0.000683344 0.0475148 0.06815 0.04019 0.0553314 0.0573013 0.000683344 0.0669368
147 R 4.05243 0.0649944 0.0710206 0.000813561 0.0626209 0.0052554 0.0153113 0.0476407 0.0443396 0.0736345 0.0582864 0.076399 0.0209489 0.00600638 0.0786304 0.0813539 0.0791533 0.0566432 0.0749182 0.0432952 0.0387342
148 V 2.78772 0.177263 0.245755 0.00251474 0.00251474 0.00251474 0.0120651 0.00251474 0.154613 0.00251474 0.0677058 0.00251474 0.00251474 0.034646 0.00251474 0.00251474 0.0116243 0.0121635 0.251463 0.0075543 0.00251474
149 R 4.21264 0.0227754 0.0193062 0.0398519 0.0481036 0.0466981 0.0270273 0.0615618 0.0698194 0.0795783 0.0540968 0.0527293 0.0514959 0.0135887 0.0727609 0.0796823 0.0642512 0.0520105 0.0477076 0.056751 0.0402036
150 A 4.29518 0.0614387 0.0490226 0.0567023 0.0469714 0.0477551 0.0567759 0.0525821 0.0432708 0.0563974 0.0499454 0.037676 0.0589677 0.0358586 0.0262872 0.061002 0.0588942 0.0543684 0.0564025 0.0384948 0.0511869
151 Q 3.65217 0.00910061 0.0722091 0.0134699 0.0203596 0.0693503 0.0577327 0.0268236 0.121989 0.0507953 0.0779656 0.0679741 0.0855612 0.00213854 0.213828 0.00213854 0.0148586 0.0260189 0.00213854 0.00213854 0.0634095
152 A 3.13649 0.258935 0.0148737 0.00258956 0.00258956 0.0879162 0.0946293 0.00258956 0.0159971 0.00258956 0.00258956 0.0240143 0.174841 0.00258956 0.00608292 0.00258956 0.135536 0.113694 0.0286041 0.0241594 0.00258956
153 K 4.15494 0.0428092 0.0731641 0.0417389 0.0587891 0.0526308 0.000787106 0.0476062 0.053418 0.0787095 0.0654343 0.0658519 0.0595475 0.0248868 0.0524211 0.0667726 0.0659921 0.0392288 0.0132493 0.020316 0.0766469
154 K 4.09374 0.0732129 0.0552988 0.0749734 0.0636942 0.0116768 0.00191707 0.0465051 0.0367549 0.0752774 0.0748963 0.0469755 0.0533632 0.000752793 0.0690193 0.0666327 0.051379 0.0695643 0.0601587 0.0180821 0.0498653
155 F 4.02792 0.0741905 0.0791568 0.0620036 0.070589 0.0864497 0.0266039 0.0606777 0.0504938 0.0239191 0.0625996 0.019318 0.0354407 0.000864501 0.0615328 0.0420418 0.0707217 0.00734622 0.0831834 0.000864501 0.0820028
156 A 4.22754 0.0743626 0.0561308 0.0449368 0.0600049 0.0636206 0.0399342 0.0677412 0.0455744 0.01558 0.0257292 0.045038 0.01421 0.0558297 0.0720065 0.0698144 0.0556977 0.062704 0.0464252 0.043335 0.0413248
157 P 4.3026 0.0510426 0.0473991 0.0545618 0.0573801 0.0573492 0.0452579 0.0501442 0.0504787 0.0393477 0.0292415 0.0532383 0.0491704 0.0597306 0.0488755 0.0333095 0.0581546 0.0550003 0.0513591 0.0522634 0.0566954
158 S 4.1278 0.0551831 0.0545989 0.000707934 0.0194418 0.0449302 0.0221341 0.06766 0.0661836 0.0539701 0.0657424 0.0530726 0.0622502 0.0629774 0.0619478 0.059569 0.0707911 0.0573833 0.0625388 0.0582095 0.000707934
