# POSITION WT SITE_ENTROPY PI_A PI_C PI_D PI_E PI_F PI_G PI_H PI_I PI_K PI_L PI_M PI_N PI_P PI_Q PI_R PI_S PI_T PI_V PI_W PI_Y
1 M 4.14961 0.0526249 0.0605596 0.0480036 0.0567869 0.0662772 0.0531826 0.0577196 0.0353378 0.0525725 0.0530587 0.0965123 0.0508647 0.0430622 0.0446989 0.000968006 0.0516466 0.000968006 0.0621635 0.0463607 0.0666317
2 S 3.88015 0.054752 0.000990652 0.03712 0.0500294 0.0990652 0.0499273 0.0696338 0.0441646 0.0161025 0.0161519 0.000990652 0.0990652 0.0685136 0.0621786 0.000990652 0.0987014 0.0842082 0.0990652 0.0473584 0.000990652
3 G 4.24461 0.0634507 0.0460375 0.045081 0.0608655 0.0598006 0.0633561 0.0634507 0.0339067 0.0602813 0.0493886 0.0634507 0.0634507 0.0207995 0.0214887 0.0210294 0.0582113 0.0331649 0.0475898 0.0617457 0.0634507
4 I 4.17121 0.046924 0.0703776 0.0433224 0.0289711 0.0572946 0.0404721 0.0387479 0.114079 0.0301797 0.060328 0.114353 0.0337755 0.027818 0.0418516 0.047959 0.0172184 0.0495905 0.0557361 0.0415988 0.0394029
5 A 4.2174 0.0601131 0.0538337 0.000601131 0.058747 0.0513568 0.0601131 0.0601131 0.0598975 0.0601131 0.0593478 0.0601131 0.0470735 0.0278788 0.0574354 0.0290024 0.0601131 0.0374655 0.0601131 0.0364558 0.0601131
6 L 4.26458 0.055344 0.0480152 0.0501987 0.0516593 0.0651234 0.0436215 0.046555 0.0567758 0.0419691 0.0847138 0.0567386 0.0482578 0.0340759 0.065891 0.0186569 0.0365568 0.0447402 0.0688243 0.0403864 0.0418962
7 S 4.13874 0.00102842 0.0762299 0.0257618 0.0492322 0.0372875 0.0494458 0.0310376 0.0401713 0.0276336 0.0431874 0.0490614 0.102842 0.035924 0.0510152 0.0542627 0.10253 0.0833004 0.0546986 0.0447101 0.0406402
8 R 4.0682 0.0448031 0.0551453 0.045457 0.0464619 0.0357762 0.00185768 0.042015 0.0498716 0.0416232 0.0458527 0.0511777 0.0561443 0.0321566 0.0583218 0.185553 0.0528595 0.0492266 0.0476577 0.0159004 0.0421384
9 L 3.77862 0.0736145 0.126171 0.0128354 0.0172103 0.0401512 0.0358424 0.00173524 0.0437373 0.062866 0.173222 0.114479 0.0237735 0.00173524 0.0184051 0.0229184 0.0573305 0.0655556 0.00173524 0.0326837 0.0739979
10 A 4.00899 0.0988544 0.000991906 0.0535483 0.00327481 0.0542931 0.0509537 0.0719112 0.0269493 0.0450692 0.0515426 0.0380737 0.0991906 0.0111524 0.0598791 0.00720156 0.0763165 0.0839925 0.0856376 0.027628 0.0535394
11 Q 4.3041 0.0546846 0.0546846 0.0546846 0.0469608 0.0303143 0.0314478 0.0546846 0.0546846 0.0495543 0.0546846 0.0546846 0.0403845 0.0470958 0.0546818 0.0546846 0.0514971 0.0546846 0.0546846 0.0465331 0.0546846
12 E 3.00337 0.00354953 0.00354953 0.0228267 0.351974 0.00354953 0.00354953 0.0684632 0.00354953 0.00354953 0.0447726 0.0729698 0.110021 0.00354953 0.178391 0.00354953 0.0336501 0.00354953 0.0199814 0.0614546 0.00354953
13 R 2.71178 0.00453197 0.00453197 0.00453197 0.0172211 0.00453197 0.00453197 0.0460596 0.0105449 0.0575725 0.0633092 0.00453197 0.00453197 0.00453197 0.176209 0.452035 0.0782786 0.00453197 0.00453197 0.0489184 0.00453197
14 K 3.76014 0.00531105 0.0506768 0.0239166 0.00343444 0.0430566 0.00481635 0.0297072 0.088827 0.15541 0.0899158 0.0318166 0.0631199 0.00156012 0.0189297 0.156012 0.0265221 0.050528 0.103797 0.0218182 0.0308246
15 A 4.15598 0.0612758 0.0612758 0.0612758 0.0612758 0.0602631 0.0470372 0.0612758 0.0487425 0.0612758 0.0612758 0.025567 0.0381919 0.000973388 0.0612758 0.0499821 0.0612758 0.0612758 0.0545961 0.000612758 0.0612758
16 W 3.10544 0.051607 0.100881 0.00323817 0.00323817 0.208551 0.00323817 0.0220426 0.0111181 0.0315974 0.0498109 0.00457193 0.00323817 0.00323817 0.0262705 0.00323817 0.0493476 0.0252821 0.00323817 0.322716 0.0735365
17 R 2.38122 0.00441778 0.00441778 0.00441778 0.0151705 0.00441778 0.00441778 0.00441778 0.00441778 0.260392 0.00441778 0.0346844 0.00441778 0.0171175 0.00441778 0.44042 0.149077 0.00441778 0.00441778 0.0257076 0.00441778
18 K 3.8014 0.0258982 0.0724978 0.0119368 0.0225934 0.0313805 0.047891 0.0697529 0.020623 0.133909 0.0138793 0.0520867 0.00744139 0.00134268 0.0794039 0.134268 0.0867198 0.0556041 0.118762 0.00316833 0.0108407
19 D 3.9549 0.114968 0.0143009 0.120395 0.121024 0.112746 0.06426 0.0424276 0.0121565 0.0316034 0.0325855 0.0510636 0.0466376 0.0228053 0.00121024 0.0331864 0.0185929 0.0389259 0.0442259 0.0337739 0.0431113
20 H 2.17387 0.00549646 0.00549646 0.0489409 0.00549646 0.00549646 0.00549646 0.547537 0.00549646 0.0368919 0.00956238 0.00549646 0.00549646 0.00549646 0.00549646 0.244726 0.00549646 0.00549646 0.00549646 0.0353924 0.00549646
21 P 3.61966 0.00257051 0.0274222 0.0216982 0.00257051 0.00257051 0.042677 0.0446736 0.0315069 0.0629799 0.0466246 0.0535076 0.087039 0.255649 0.038315 0.00257051 0.0997572 0.0733658 0.0827209 0.0161191 0.00566188
22 F 3.27276 0.0447711 0.00282315 0.0734438 0.00282315 0.280989 0.038758 0.127904 0.0542477 0.00282315 0.0491355 0.00282315 0.025021 0.00663579 0.0128728 0.00282315 0.0235243 0.00282315 0.0344262 0.0227189 0.188613
23 G 3.85426 0.0480393 0.0685053 0.00132242 0.0802167 0.0416996 0.131692 0.042969 0.0101991 0.0708458 0.0361725 0.011557 0.10667 0.00949907 0.0727119 0.0183896 0.109002 0.00132242 0.00789171 0.0519109 0.0793832
24 F 3.58075 0.00192762 0.0898071 0.0300827 0.0313768 0.192268 0.0608464 0.0337734 0.044407 0.00192762 0.0303623 0.132742 0.0282043 0.0266999 0.00375688 0.00192762 0.00192762 0.0219637 0.0422861 0.0494028 0.174311
25 V 4.1253 0.0552731 0.0516078 0.059829 0.00257355 0.0625199 0.0217711 0.056737 0.0839701 0.0527827 0.0584954 0.0654575 0.0134247 0.0114486 0.0749363 0.0839701 0.0468078 0.0329946 0.0837928 0.035991 0.0456169
26 A 3.61994 0.17223 0.0779879 0.00821135 0.00172918 0.117778 0.106261 0.0349361 0.0597648 0.0253734 0.0825963 0.00172918 0.0157107 0.00172918 0.0139549 0.00287412 0.126695 0.0416613 0.00172918 0.0576749 0.0493738
27 V 4.12142 0.0251741 0.0504948 0.000758673 0.0484761 0.0541882 0.0397011 0.0758673 0.0729391 0.0758673 0.0758673 0.0758673 0.0418565 0.0397897 0.00950324 0.0758673 0.0410976 0.0154216 0.075691 0.0458087 0.0597631
28 P 3.6525 0.127808 0.00167094 0.0344846 0.00167094 0.0325198 0.167094 0.0625978 0.00167094 0.0412154 0.0558478 0.0290858 0.044952 0.166841 0.0159792 0.0751141 0.0332115 0.0600536 0.0448416 0.00167094 0.00167094
29 T 4.23987 0.0522359 0.0576071 0.0463333 0.0576071 0.0576071 0.0576071 0.0576071 0.0465655 0.0576071 0.0576071 0.0547966 0.0576071 0.00848679 0.0576071 0.0576071 0.0576071 0.0576071 0.0274083 0.0152813 0.0576071
30 K 4.14875 0.0601375 0.0144651 0.0269605 0.0357873 0.0395267 0.0520935 0.0599707 0.0722634 0.0955624 0.035692 0.0597654 0.029766 0.0544335 0.0404084 0.0958783 0.0764746 0.0390156 0.0712259 0.00655556 0.0340176
31 N 4.25411 0.0407115 0.0609509 0.0246762 0.0568246 0.0408877 0.0263437 0.0600426 0.0486619 0.0616363 0.0691361 0.0691361 0.0689771 0.0303579 0.0519961 0.0453585 0.0561517 0.0378933 0.0263449 0.0547768 0.0691361
32 P 4.30035 0.0533001 0.0393993 0.0533001 0.0472661 0.0198609 0.0506692 0.0533001 0.0533001 0.0533001 0.0533001 0.0533001 0.0533001 0.0532458 0.0533001 0.0533001 0.0533001 0.0533001 0.0444098 0.0522473 0.0533001
33 D 3.11985 0.00437303 0.0400875 0.309375 0.145202 0.00311168 0.0117159 0.00311168 0.00910662 0.00311168 0.0234198 0.0408438 0.122347 0.00311168 0.0140976 0.00311168 0.00311168 0.0392669 0.00311168 0.115626 0.102756
34 G 4.07798 0.0421826 0.048204 0.0711725 0.0687984 0.0147356 0.106389 0.10671 0.025197 0.0428466 0.0346913 0.0593319 0.045905 0.0316482 0.10671 0.0699799 0.0329114 0.0109688 0.0179185 0.0450261 0.0186739
35 T 2.88385 0.127903 0.00274026 0.00274026 0.00274026 0.00274026 0.105342 0.0760929 0.00274026 0.00274026 0.00274026 0.0315154 0.0042451 0.0300606 0.0319334 0.00274026 0.274026 0.272261 0.00767728 0.00505749 0.0119637
36 M 3.63629 0.0107957 0.0578397 0.0360768 0.0337898 0.0473693 0.0152799 0.0346245 0.0802811 0.070346 0.16524 0.16447 0.0016524 0.0016524 0.00668029 0.122868 0.0211697 0.0016524 0.0589753 0.0016524 0.0675843
37 N 4.27119 0.0550214 0.0550214 0.0550214 0.0550214 0.0550214 0.0546366 0.0550214 0.0392535 0.0550214 0.0401922 0.0508656 0.0550214 0.00779147 0.0550214 0.0550214 0.0550214 0.0541255 0.0550214 0.0378569 0.0550214
38 L 3.38581 0.0580208 0.0679484 0.00194425 0.00641959 0.154039 0.00194425 0.00194425 0.109052 0.00194425 0.193992 0.0710274 0.00194425 0.0618167 0.00194425 0.00194425 0.00194425 0.0360871 0.139134 0.0285421 0.0583668
39 M 4.05289 0.0496574 0.0526405 0.0275723 0.0993839 0.0621909 0.0489699 0.039921 0.0364488 0.0342489 0.0808003 0.0990926 0.0307756 0.0216971 0.000993839 0.0469871 0.000993839 0.070616 0.0993839 0.0504577 0.0471687
40 N 4.27167 0.0582785 0.0582785 0.0582785 0.0582785 0.0582785 0.015552 0.0582785 0.048746 0.0546404 0.0560159 0.0567399 0.0582785 0.026877 0.0582785 0.043506 0.0582785 0.0395162 0.0572143 0.0358056 0.0408799
41 W 3.22748 0.0209182 0.0169755 0.00321712 0.165434 0.102411 0.00321712 0.0431141 0.0165454 0.0524995 0.0115906 0.0341114 0.0971467 0.00321712 0.0145175 0.00321712 0.040655 0.00321712 0.0439489 0.320829 0.00321712
42 E 4.23247 0.0639111 0.0430287 0.0635253 0.0638739 0.0528289 0.0556851 0.0349682 0.0458624 0.0639111 0.0510404 0.0577828 0.0211643 0.00533252 0.0449483 0.049738 0.055225 0.0629046 0.0639111 0.0368282 0.0635301
43 C 3.8647 0.0698332 0.115879 0.0374494 0.0258459 0.0394681 0.103619 0.00116165 0.0622026 0.00116165 0.0230134 0.0651487 0.0921901 0.0471516 0.00720374 0.00116165 0.0735858 0.116165 0.0710233 0.0311337 0.0156031
44 A 4.19591 0.0693155 0.020701 0.029502 0.0693473 0.0528911 0.0693473 0.0693473 0.0604913 0.0693473 0.0594811 0.0693473 0.0406482 0.0217754 0.0581618 0.006143 0.0398044 0.0434546 0.0414209 0.0401258 0.0693473
45 I 3.5837 0.01421 0.138212 0.00562895 0.00138212 0.0586967 0.00981375 0.00138212 0.137667 0.00138212 0.0465529 0.138212 0.0154644 0.0513237 0.00138212 0.0312159 0.0348519 0.106865 0.138212 0.0332195 0.0343272
46 P 4.13741 0.0831922 0.0824005 0.0234856 0.037094 0.0221346 0.0582694 0.0479515 0.0678295 0.0408866 0.0559775 0.0240505 0.0430638 0.124585 0.0133428 0.0428934 0.054232 0.0377781 0.0754889 0.0229676 0.0423763
47 G 3.74593 0.0753345 0.086263 0.00300103 0.0022592 0.0400196 0.225749 0.039173 0.0314011 0.0953082 0.0022592 0.0605589 0.0461227 0.0022592 0.0409865 0.0177631 0.0626495 0.019084 0.0447399 0.036874 0.0681948
48 K 3.99619 0.0661597 0.0332659 0.0535927 0.0459467 0.000872901 0.00689184 0.0528307 0.0366179 0.0870028 0.0856315 0.0652755 0.063745 0.0872901 0.0596819 0.0872901 0.0171369 0.0774282 0.0634641 0.000872901 0.00900297
49 K 4.23707 0.065436 0.0516232 0.0421117 0.065436 0.065436 0.065436 0.065436 0.0503653 0.0653725 0.0273552 0.0432583 0.065436 0.0171927 0.0483218 0.065436 0.0166119 0.0360927 0.0602361 0.0407582 0.0426484
50 G 4.10296 0.0633611 0.0433483 0.0253657 0.0711084 0.0695738 0.0710221 0.0711084 0.0114855 0.0711084 0.0523721 0.00980343 0.0711084 0.000711084 0.0555719 0.0711084 0.0711084 0.0192408 0.0358027 0.0445823 0.0711084
51 T 3.14853 0.00303642 0.176321 0.00176321 0.00176321 0.0338613 0.0565606 0.055857 0.0039419 0.0338849 0.00176321 0.00399406 0.0738493 0.00176321 0.176321 0.00176321 0.176321 0.175074 0.00176321 0.00176321 0.0186353
52 P 4.30373 0.0570677 0.0426747 0.0481335 0.0570677 0.0453111 0.0570677 0.0570677 0.0503444 0.0488079 0.0369295 0.0423885 0.0570677 0.0569929 0.0530952 0.0402757 0.0570677 0.0570677 0.0309306 0.0508415 0.0538006
53 W 2.95644 0.00337615 0.00337615 0.015635 0.0236851 0.183471 0.00337615 0.00337615 0.00337615 0.00337615 0.0282549 0.0240138 0.16698 0.00337615 0.00337615 0.0131153 0.0457597 0.00337615 0.0586497 0.336778 0.073272
54 E 4.04205 0.0579206 0.0111842 0.0289301 0.0910593 0.0912244 0.0721157 0.0481843 0.04404 0.0568135 0.0134929 0.0904559 0.0172112 0.000912244 0.0882146 0.0262455 0.0827511 0.0671293 0.0506547 0.021218 0.0402424
55 G 4.24828 0.0496614 0.062471 0.0659698 0.0563072 0.0659698 0.0658932 0.0659698 0.0375576 0.0470245 0.0519048 0.0659698 0.0405446 0.0427283 0.0583364 0.0247127 0.0470447 0.0157244 0.0260596 0.0441805 0.0659698
56 G 2.80306 0.0567597 0.104112 0.00448927 0.00448927 0.00448927 0.448521 0.00448927 0.0272402 0.00448927 0.00448927 0.128932 0.00448927 0.0525648 0.00892292 0.00448927 0.013595 0.00448927 0.0445541 0.00448927 0.0699059
57 L 4.20412 0.0268731 0.0752505 0.0196352 0.0769984 0.0438376 0.0234297 0.0772655 0.0579309 0.052455 0.0770564 0.0579521 0.0510102 0.0204944 0.0697053 0.0699656 0.0558658 0.0326374 0.0427328 0.0379399 0.0309641
58 F 3.62549 0.0438299 0.0349091 0.0430967 0.0325438 0.200088 0.0245912 0.00267004 0.0382272 0.0210217 0.0206202 0.0805328 0.00200488 0.0220343 0.0495904 0.0128373 0.00923834 0.03731 0.109625 0.0147412 0.200488
59 K 4.29218 0.0445069 0.0585764 0.0367381 0.0518583 0.0585764 0.0325858 0.0585764 0.0436109 0.0585405 0.0480466 0.0286509 0.0558846 0.0346164 0.0515513 0.0585764 0.0585764 0.0561232 0.058536 0.0585764 0.0472922
60 L 3.67125 0.104042 0.111601 0.00111601 0.00139442 0.111601 0.0579018 0.0163842 0.111601 0.0130877 0.111442 0.111399 0.00173287 0.0011806 0.012529 0.0132593 0.0257237 0.0681419 0.0703899 0.00905726 0.0464132
61 R 4.30117 0.0474691 0.0552822 0.0521685 0.0465033 0.0496343 0.0374847 0.0476641 0.0388251 0.0609364 0.0533166 0.0463062 0.0609364 0.0413295 0.0575407 0.0608752 0.0602677 0.0609364 0.0470896 0.0341767 0.0412574
62 M 3.58039 0.0948729 0.0883391 0.0142332 0.00136549 0.136549 0.00962047 0.0202744 0.0990044 0.0217222 0.0777886 0.136228 0.00136549 0.0105657 0.0110755 0.00136549 0.012276 0.0732191 0.136549 0.00136549 0.0522211
63 L 4.16853 0.0536702 0.0274445 0.0605358 0.0605358 0.0605358 0.0605358 0.0605358 0.0579736 0.0605358 0.0605092 0.0605358 0.0515311 0.000605358 0.0605358 0.0605358 0.0605358 0.0363725 0.0605358 0.00332268 0.0426771
64 F 3.75487 0.0622078 0.0571183 0.115393 0.0273382 0.115316 0.00837337 0.00773754 0.0775921 0.0027805 0.0886369 0.115393 0.0303371 0.0186967 0.0226203 0.00115393 0.00115393 0.0147206 0.115124 0.0310826 0.0872241
65 K 4.19858 0.0207099 0.0620664 0.0174957 0.0620664 0.0331098 0.0538904 0.0620664 0.0620664 0.0620333 0.0620664 0.0620664 0.0620664 0.0532034 0.0620664 0.0620664 0.0620664 0.0620664 0.0283233 0.004493 0.0440112
66 D 4.24157 0.0575946 0.0640856 0.0640208 0.0633494 0.0455865 0.0523536 0.0640856 0.0450932 0.0426476 0.0640856 0.0545325 0.0524122 0.0602566 0.0582975 0.00692063 0.0457824 0.0640856 0.0329119 0.0288719 0.0330264
67 D 4.21656 0.0656332 0.063486 0.0655774 0.0656332 0.0656332 0.0656332 0.0656332 0.0172145 0.0307095 0.023207 0.0656332 0.0633276 0.0492732 0.0506974 0.0318096 0.0656332 0.0530065 0.0473962 0.0175356 0.0273272
68 Y 3.22958 0.0263477 0.038467 0.00272116 0.00272116 0.170198 0.00272116 0.106506 0.00272116 0.00272116 0.00272116 0.0890216 0.00272116 0.00272116 0.00272116 0.0751362 0.0245572 0.0646792 0.0248428 0.0848507 0.270904
69 P 2.75122 0.0672995 0.0386481 0.00894267 0.00468669 0.0427791 0.00468669 0.00468669 0.00468669 0.109439 0.00468669 0.00468669 0.00468669 0.467465 0.00468669 0.00468669 0.00468669 0.0381385 0.0706586 0.105076 0.00468669
70 S 4.23659 0.0619775 0.0619775 0.0195157 0.0450388 0.0436591 0.0619775 0.0619775 0.0619775 0.0247284 0.0619775 0.0498503 0.0619775 0.0107564 0.0609192 0.0396038 0.0619554 0.0619775 0.0442936 0.0443755 0.0594835
71 S 4.22065 0.0659387 0.0537872 0.0659387 0.0659387 0.0291321 0.0659387 0.0659387 0.0360778 0.0615565 0.0227134 0.0261905 0.0524562 0.021255 0.0655649 0.0372383 0.0659387 0.0596676 0.0181549 0.0659387 0.0546345
72 P 3.47923 0.150126 0.113449 0.00675316 0.0140839 0.00150126 0.0382369 0.0176183 0.00150126 0.0204318 0.00150126 0.00150126 0.129348 0.149954 0.0866691 0.0377757 0.119624 0.0314355 0.0725348 0.00445327 0.00150126
73 P 3.21747 0.148199 0.116125 0.00149105 0.00149105 0.0107822 0.00149105 0.00149105 0.0723558 0.00149105 0.0337506 0.149105 0.00149105 0.14883 0.00149105 0.00539986 0.034018 0.116498 0.149105 0.00149105 0.00390225
74 K 4.24474 0.0537785 0.0537785 0.0537785 0.0537785 0.0537785 0.0537785 0.0537785 0.0537785 0.0537785 0.0537785 0.0537785 0.0537785 0.0314496 0.0537785 0.0537785 0.0537785 0.0537785 0.0537785 0.000537785 0.0537785
75 C 3.85449 0.0691489 0.0861134 0.00734683 0.00319275 0.0861208 0.0819257 0.00710338 0.0861208 0.000861208 0.0861208 0.0809083 0.0304016 0.0861208 0.00596966 0.0201948 0.085573 0.0602964 0.0861208 0.024748 0.00561186
76 K 4.25665 0.0526908 0.0514011 0.0526908 0.0526908 0.0526908 0.0526908 0.0526908 0.0526908 0.0526908 0.0526908 0.0526908 0.0526908 0.00128879 0.0526908 0.0526908 0.0526908 0.0526908 0.0526908 0.0515671 0.0526908
77 F 2.52123 0.00498612 0.0122716 0.00498612 0.0338085 0.497796 0.00498612 0.00498612 0.0242497 0.00498612 0.159124 0.0728739 0.00498612 0.00498612 0.00498612 0.00498612 0.00498612 0.114969 0.00498612 0.00498612 0.0250734
78 E 4.24758 0.0548473 0.0273874 0.0590264 0.0590264 0.0510383 0.0590264 0.0590264 0.0458054 0.0590264 0.0471217 0.0590264 0.0590264 0.00462649 0.0559968 0.0590264 0.0521784 0.0457275 0.0590264 0.0504026 0.0336302
79 P 4.32193 0.0500027 0.0500027 0.0500027 0.0500027 0.0500027 0.0500027 0.0500027 0.0500027 0.0500027 0.049949 0.0500027 0.0500027 0.0500027 0.0500027 0.0500027 0.0500027 0.0500027 0.0500027 0.0500027 0.0500027
80 P 4.27083 0.0588905 0.0201789 0.0588905 0.050976 0.0580185 0.0588905 0.0588905 0.0278515 0.0501571 0.0341928 0.0588905 0.0588905 0.0588561 0.0431544 0.0510366 0.0490136 0.0588905 0.02655 0.0588905 0.0588905
81 L 3.06181 0.054975 0.0412525 0.00199962 0.00199962 0.0715346 0.0114601 0.00199962 0.199962 0.00608137 0.199713 0.16336 0.00199962 0.0225461 0.00199962 0.0106039 0.00677457 0.0121946 0.185546 0.00199962 0.00199962
82 F 3.18395 0.0128541 0.0270484 0.00310279 0.0312769 0.309641 0.0255379 0.0895752 0.0306046 0.00310279 0.0756747 0.054702 0.00310279 0.00310279 0.00310279 0.00310279 0.00310279 0.0414989 0.0116325 0.202911 0.0653237
83 H 2.02939 0.00686638 0.00686638 0.0364913 0.00686638 0.0377232 0.00686638 0.685005 0.0175707 0.0835799 0.010494 0.00686638 0.00686638 0.00686638 0.00686638 0.00686638 0.00686638 0.00686638 0.00920319 0.037536 0.00686638
84 P 3.75275 0.0972938 0.0701878 0.0516893 0.00536241 0.00695989 0.00740137 0.00100208 0.100208 0.00100208 0.100208 0.100208 0.066624 0.0998738 0.0413446 0.00237027 0.0106216 0.0727116 0.100208 0.00972061 0.0550042
85 N 3.06788 0.088393 0.124776 0.00314866 0.0424527 0.0613165 0.00314866 0.00314866 0.00314866 0.00314866 0.00314866 0.0414789 0.313869 0.00314866 0.00314866 0.0148457 0.182692 0.00314866 0.047716 0.0509728 0.00314866
86 V 3.41102 0.0966037 0.127828 0.0184868 0.00171373 0.0546384 0.00171373 0.00809054 0.0830709 0.0636561 0.0345957 0.162 0.00404729 0.00171373 0.00217038 0.00171373 0.109375 0.00171373 0.170815 0.00429748 0.0517552
87 Y 3.00846 0.00296548 0.00296548 0.00296548 0.0253185 0.296548 0.013181 0.0513399 0.0410063 0.0129677 0.0364062 0.0829437 0.00296548 0.00296548 0.0192911 0.00296548 0.00296548 0.0425298 0.0306031 0.0317951 0.295311
88 P 4.30018 0.0532377 0.0532377 0.0532377 0.0532377 0.0532377 0.0532377 0.0532377 0.0532377 0.0499048 0.0532377 0.0532377 0.0413084 0.0531868 0.0532377 0.0532377 0.0532377 0.0532377 0.0354345 0.0215995 0.0532377
89 S 4.29525 0.0555181 0.0555181 0.0555181 0.0555181 0.0555181 0.0555181 0.0555181 0.0555181 0.0501616 0.0396946 0.0555181 0.0298074 0.0457343 0.0555181 0.050544 0.0555181 0.0555181 0.0278341 0.0344889 0.0555181
90 G 2.94173 0.0577765 0.104292 0.00306541 0.00306541 0.00306541 0.306185 0.00306541 0.0283872 0.00306541 0.00306541 0.0665856 0.00306541 0.0849612 0.00306541 0.00306541 0.0254334 0.00306541 0.052079 0.00306541 0.240581
91 T 4.28412 0.0549996 0.0549996 0.029264 0.0549996 0.0549996 0.0549996 0.0549996 0.0549996 0.0159879 0.0549996 0.0492679 0.0511714 0.0549996 0.0549996 0.0369181 0.0549996 0.0549996 0.0549996 0.0473966 0.0549996
92 V 3.46162 0.120272 0.0944522 0.0441268 0.00169799 0.0386875 0.00169799 0.00272081 0.0684331 0.00169799 0.169799 0.00169799 0.00169799 0.0680896 0.00169799 0.00169799 0.0851396 0.0605581 0.169507 0.0176907 0.0486381
93 C 3.49965 0.0983834 0.256847 0.0279154 0.0541882 0.0889332 0.00621334 0.0380215 0.0676501 0.0151611 0.0621355 0.0701511 0.0790038 0.00257336 0.0303141 0.00257336 0.00257336 0.00257336 0.0896426 0.00257336 0.00257336
94 L 3.59556 0.0726475 0.0868141 0.00981685 0.0262619 0.108921 0.00156798 0.0149753 0.0977083 0.00156798 0.156798 0.0476385 0.0265982 0.00156798 0.00156798 0.00156798 0.0651944 0.0171574 0.156798 0.026826 0.0780041
95 S 3.15641 0.0307787 0.0635002 0.00239902 0.0308745 0.00239902 0.00239902 0.00239902 0.039412 0.0229825 0.0170055 0.00239902 0.239902 0.00239902 0.00996623 0.00239902 0.23844 0.153198 0.00992122 0.068432 0.0587946
96 I 3.87732 0.00709437 0.0775752 0.0369785 0.00116824 0.0231744 0.030551 0.02474 0.116574 0.0108016 0.0734286 0.0681029 0.0323785 0.00116824 0.0266927 0.0637413 0.0973641 0.116824 0.116824 0.0423685 0.0324505
97 L 4.29188 0.0543487 0.0584646 0.0463858 0.0513321 0.0272747 0.0480285 0.0584646 0.0584646 0.0453942 0.0584646 0.0581746 0.0552651 0.0492922 0.052859 0.0501897 0.0473397 0.0584646 0.0584646 0.0377089 0.0256196
98 E 4.30027 0.0550054 0.031755 0.0550054 0.0550054 0.0550054 0.0550054 0.0550054 0.0550054 0.0550054 0.0508439 0.0550054 0.0550054 0.0460536 0.0550054 0.0288128 0.0550054 0.0364719 0.0478311 0.0431614 0.0550054
99 E 4.27351 0.0571539 0.0476685 0.059063 0.059063 0.0484362 0.059063 0.0315517 0.0525209 0.0521846 0.0548657 0.059063 0.059063 0.0472778 0.059063 0.0448627 0.0560747 0.0153596 0.0511209 0.0274823 0.059063
100 D 4.28851 0.0553313 0.0215454 0.0553313 0.0303989 0.0553313 0.0553313 0.0553313 0.0553313 0.0553313 0.0553313 0.0553313 0.0553313 0.046637 0.0553313 0.031357 0.0553313 0.0514503 0.0553313 0.0439725 0.0553313
101 K 4.28471 0.0574135 0.0574135 0.0574135 0.0574135 0.0483189 0.0379465 0.0574135 0.037063 0.0574135 0.0574135 0.0328816 0.0574135 0.031083 0.0404355 0.0574135 0.0574135 0.0574135 0.0574135 0.0258955 0.0574135
102 D 4.00164 0.0822789 0.069347 0.0820929 0.0633311 0.0462724 0.0822789 0.0822789 0.023002 0.0378572 0.0100242 0.0802359 0.0531107 0.00130236 0.00114213 0.00191953 0.0822789 0.0493851 0.0466291 0.0576131 0.0476198
103 W 2.4107 0.0030134 0.0030134 0.0030134 0.0030134 0.227444 0.0030134 0.0768321 0.0047194 0.0030134 0.0030134 0.0472014 0.0030134 0.0030134 0.0030134 0.0030134 0.0030134 0.0030134 0.0030134 0.300276 0.30134
104 R 3.38719 0.13087 0.139049 0.0440932 0.0355356 0.00169062 0.0156971 0.00169062 0.00169062 0.144643 0.0104648 0.0105565 0.00169062 0.00169062 0.0299756 0.168091 0.134797 0.082972 0.0266673 0.0164436 0.00169062
105 P 3.47766 0.137926 0.134549 0.00137926 0.0691538 0.00137926 0.111164 0.00137926 0.0498507 0.00137926 0.00161031 0.0833776 0.00137926 0.137585 0.00379325 0.0299875 0.114572 0.0437896 0.0616394 0.00714088 0.00696457
106 A 3.32058 0.14354 0.100504 0.00944162 0.0199835 0.00144274 0.1261 0.00144274 0.0583808 0.00144274 0.0476583 0.00144274 0.00144274 0.0234456 0.0265803 0.00144274 0.144274 0.144274 0.144274 0.00144274 0.00144274
107 I 4.10003 0.0676001 0.0676001 0.0514871 0.0534006 0.056535 0.0647871 0.0592787 0.0676001 0.015097 0.0676001 0.0676001 0.0676001 0.00302078 0.065055 0.018759 0.0676001 0.0509022 0.0676001 0.000676001 0.0202008
108 T 4.31879 0.0512829 0.0512829 0.0391597 0.0512829 0.0512829 0.044818 0.0512829 0.0512829 0.0512829 0.0512829 0.0512829 0.0512829 0.0442132 0.0512829 0.0512829 0.0512829 0.0512829 0.0512829 0.0512829 0.0512829
109 I 3.58354 0.132792 0.0480061 0.00480353 0.00139815 0.0626681 0.0265002 0.00914588 0.13952 0.00139815 0.123089 0.130161 0.00139815 0.0114161 0.0216286 0.013716 0.0196116 0.049344 0.123707 0.0709568 0.00873941
110 K 4.06141 0.0150116 0.0380083 0.0435779 0.0369174 0.0172748 0.0250016 0.0697136 0.0447813 0.119835 0.0320967 0.0347819 0.0678365 0.0795335 0.0663365 0.120368 0.0436358 0.0256614 0.0834972 0.0144756 0.021656
111 Q 4.32193 0.05 0.05 0.05 0.05 0.05 0.05 0.05 0.05 0.05 0.05 0.05 0.05 0.05 0.05 0.05 0.05 0.05 0.05 0.05 0.05
112 I 3.93272 0.0526043 0.0781604 0.0197598 0.00962387 0.0805454 0.0193056 0.0805454 0.0805423 0.0381878 0.0805454 0.0805454 0.0805454 0.000805454 0.0805454 0.0212311 0.0303024 0.0805454 0.0805454 0.00430792 0.000805454
113 L 3.66549 0.111242 0.111242 0.00111242 0.00111242 0.035313 0.0164417 0.00148463 0.111242 0.00111242 0.111136 0.095373 0.0175431 0.0224225 0.0255349 0.00650322 0.0883176 0.0935054 0.0982429 0.00863885 0.0424804
114 L 4.31454 0.0527719 0.0527719 0.0366542 0.0463885 0.0503432 0.0497711 0.0482905 0.0502859 0.048713 0.0527481 0.0527719 0.0527719 0.0527719 0.0527719 0.0363151 0.0527719 0.0527719 0.0527719 0.0527719 0.0527719
115 G 2.55125 0.112571 0.126923 0.00491448 0.00491448 0.00491448 0.49069 0.00491448 0.00491448 0.00491448 0.00491448 0.0159196 0.00491448 0.0398904 0.00491448 0.00491448 0.0459742 0.00491448 0.00491448 0.00491448 0.104144
116 I 3.82551 0.092881 0.092881 0.0370999 0.0207736 0.0388302 0.0177566 0.0796771 0.0928246 0.00092881 0.092881 0.092881 0.00196632 0.00092881 0.0307992 0.0251273 0.0766872 0.092881 0.092881 0.00204269 0.0172718
117 Q 4.2456 0.0679525 0.0679525 0.0296227 0.0436115 0.0679525 0.0655365 0.0679525 0.027155 0.0347581 0.042799 0.0375749 0.0490406 0.0369345 0.0678252 0.0609254 0.0610011 0.0679525 0.0225119 0.0330282 0.0479129
118 E 4.26646 0.0422345 0.0461005 0.0641855 0.0641433 0.0641855 0.0475805 0.0609205 0.0477975 0.0550131 0.0536014 0.0489901 0.0641855 0.0121557 0.0453687 0.058107 0.0333442 0.045518 0.0568041 0.0336436 0.0561209
119 L 3.38847 0.00161274 0.0381253 0.0138893 0.0243863 0.161274 0.0039496 0.0620873 0.0312319 0.00161274 0.160919 0.125337 0.0122098 0.00161274 0.00161274 0.00161274 0.0317244 0.00161274 0.0585074 0.105407 0.161274
120 L 3.45533 0.0549878 0.0483019 0.00206212 0.00206212 0.068561 0.0123814 0.00206212 0.0916624 0.00206212 0.205944 0.178884 0.00206212 0.00206212 0.034191 0.00564234 0.00700713 0.0715368 0.0628808 0.0628528 0.0827945
121 N 4.238 0.0558367 0.0549592 0.0643186 0.0643186 0.0120093 0.038305 0.0435173 0.0449962 0.0509959 0.019193 0.0643186 0.0642275 0.0281854 0.0643186 0.0591669 0.0627706 0.0616539 0.0643186 0.0400215 0.0425685
122 E 4.22547 0.0599053 0.0609909 0.0609909 0.0609909 0.0515234 0.034905 0.0491154 0.0368389 0.0352543 0.0463871 0.0609909 0.0609909 0.000609909 0.0609909 0.0518757 0.0539243 0.0609909 0.0609909 0.0349551 0.0567785
123 P 2.50255 0.11482 0.0555292 0.00461865 0.00461865 0.00461865 0.00461865 0.00461865 0.0542223 0.00461865 0.00461865 0.00461865 0.00461865 0.461296 0.00461865 0.00461865 0.00582035 0.00461865 0.206867 0.00461865 0.041403
124 N 3.35984 0.0450632 0.163535 0.00181939 0.00770688 0.0971049 0.0531503 0.109115 0.0100266 0.00181939 0.00181939 0.013899 0.180973 0.0127361 0.00181939 0.00673718 0.0510759 0.00181939 0.00181939 0.114887 0.123073
125 I 3.96576 0.0501166 0.0940626 0.0256848 0.0253086 0.0761353 0.00109028 0.00722583 0.108748 0.0116529 0.0787279 0.0643658 0.0546337 0.045882 0.0360647 0.01114 0.0596143 0.0670443 0.0936834 0.0819719 0.00684728
126 Q 4.29003 0.0549979 0.0568319 0.0458504 0.0568319 0.0358338 0.0509268 0.0462791 0.0568319 0.0568319 0.0473403 0.0518608 0.0470393 0.0170172 0.0568319 0.0568319 0.0568319 0.0568319 0.0568319 0.0474259 0.043941
127 D 3.13471 0.0448554 0.00188807 0.18772 0.153685 0.0250777 0.132813 0.0103157 0.00188807 0.00188807 0.00188807 0.00188807 0.0583953 0.00188807 0.00188807 0.00188807 0.131803 0.0579087 0.00188807 0.00188807 0.178545
128 P 3.50572 0.144682 0.0728358 0.0145586 0.0136301 0.00144682 0.143137 0.00194864 0.0220536 0.0228833 0.00144682 0.0151259 0.0111847 0.144336 0.0282381 0.110729 0.144682 0.0669913 0.00144682 0.0155773 0.0230662
129 A 2.71665 0.469977 0.115006 0.0244173 0.00471116 0.00471116 0.0438699 0.0268746 0.00471116 0.00471116 0.00471116 0.00471116 0.0692585 0.0101152 0.00471116 0.00471116 0.0954811 0.00471116 0.00471116 0.00471116 0.0931772
130 Q 4.00532 0.089545 0.0434088 0.0319233 0.0432761 0.0405689 0.000919322 0.0718542 0.0438037 0.00656335 0.0903138 0.047357 0.0919322 0.000919322 0.0916207 0.0698397 0.051035 0.0469722 0.0181837 0.0899639 0.0299999
131 A 4.11121 0.0693446 0.0693981 0.0423343 0.0497285 0.00854198 0.0693981 0.0693981 0.0122126 0.0547958 0.0558602 0.0229278 0.0693981 0.0514313 0.0693981 0.0199089 0.0693981 0.0693981 0.0693981 0.000693981 0.0570353
132 E 4.22603 0.0650633 0.0520471 0.0886768 0.0885136 0.0280544 0.0669165 0.0568528 0.0258065 0.0344962 0.0592445 0.0568083 0.0483554 0.0308277 0.0560718 0.0496406 0.0448727 0.0496292 0.0451303 0.0195911 0.0334012
133 A 3.49969 0.178066 0.11514 0.0117693 0.00178516 0.0479534 0.0653314 0.0234855 0.0242987 0.015385 0.0741517 0.00178516 0.00178516 0.155604 0.00688818 0.0117891 0.165096 0.027128 0.0322176 0.00373663 0.0366044
134 Y 3.94379 0.10763 0.0570084 0.0282016 0.0381017 0.0801767 0.0210216 0.0235752 0.0521246 0.0169904 0.0185837 0.0899511 0.024511 0.0198739 0.0266665 0.00136957 0.119077 0.0291346 0.0633994 0.0461599 0.136444
135 T 4.19932 0.0670211 0.0670211 0.0331986 0.0617336 0.0567366 0.0226487 0.01617 0.0607017 0.0226607 0.0670211 0.0450737 0.0318641 0.0137763 0.0649054 0.0670211 0.0601822 0.0669631 0.0670211 0.0670211 0.0412584
136 I 4.13541 0.0647867 0.0501239 0.0541646 0.0664064 0.0713309 0.00534778 0.0342717 0.0712207 0.0349689 0.0566606 0.0604599 0.0301336 0.000713309 0.0709266 0.0187566 0.0713309 0.0486822 0.0598766 0.0713309 0.0585071
137 Y 3.06783 0.00260083 0.0202413 0.00260083 0.00260083 0.157916 0.00260083 0.0222184 0.0700143 0.0610135 0.0763252 0.216684 0.00260083 0.00260083 0.0504248 0.00260083 0.00388985 0.0384811 0.00260083 0.00260083 0.259384
138 C 4.1305 0.0645446 0.0686105 0.0434218 0.0686539 0.0387748 0.0359853 0.0398405 0.0686539 0.0686539 0.0311989 0.0586341 0.0686539 0.000686539 0.0585398 0.0686539 0.0686539 0.0686539 0.0403659 0.0381335 0.000686539
139 Q 4.23369 0.0526726 0.0525939 0.0664599 0.0664599 0.0333798 0.0289021 0.0595269 0.0320812 0.0499857 0.0566047 0.0634017 0.0566222 0.024247 0.0664038 0.0664599 0.0322257 0.0664599 0.0134563 0.045597 0.0664599
140 N 3.86858 0.100564 0.0190242 0.100564 0.0931534 0.0599346 0.0115476 0.0702282 0.00100564 0.0406561 0.00100564 0.0244193 0.10036 0.0281473 0.100564 0.0694233 0.08011 0.0127798 0.00100564 0.0393816 0.0461251
141 R 4.25291 0.0495642 0.0573384 0.0348429 0.0108807 0.0570502 0.035805 0.0625825 0.0589214 0.0510203 0.0475243 0.0625825 0.0625825 0.0625825 0.0625825 0.0625219 0.0340391 0.0596056 0.0509743 0.0273381 0.0496615
142 V 4.32062 0.0504734 0.0504734 0.0504734 0.0504734 0.0504734 0.0504734 0.0504734 0.0504734 0.0504734 0.0504734 0.0504734 0.0504734 0.0504734 0.0504734 0.0504734 0.0504734 0.0504734 0.0504734 0.0410047 0.0504734
143 E 4.24151 0.0679345 0.058252 0.0605223 0.0679008 0.0302965 0.0478509 0.0514328 0.0385496 0.0547934 0.0523498 0.0675395 0.0650492 0.0144289 0.0608549 0.0218628 0.0679983 0.0329264 0.0538423 0.0365742 0.0490408
144 Y 2.43279 0.0048142 0.0048142 0.204456 0.0048142 0.0707867 0.0284316 0.00781784 0.00910129 0.0048142 0.0048142 0.0048142 0.0048142 0.0193447 0.0048142 0.0048142 0.0048142 0.0048142 0.0048142 0.121187 0.481104
145 E 4.18147 0.0660948 0.0390159 0.0660948 0.0660948 0.0423141 0.0197416 0.0550995 0.0449928 0.0416917 0.0660948 0.0591901 0.0660948 0.000660948 0.0552263 0.0660948 0.0245181 0.0660948 0.0660948 0.0266799 0.0621104
146 K 4.17382 0.0594974 0.0551638 0.0594974 0.0594974 0.0358656 0.0523718 0.0594974 0.0540212 0.0594974 0.0510873 0.0594974 0.0520785 0.000594974 0.042853 0.0594974 0.0594974 0.0594974 0.0594974 0.00149225 0.0594974
147 R 4.11304 0.0575269 0.0634282 0.00775578 0.056899 0.0101429 0.0160203 0.0461711 0.0429931 0.0752619 0.0752619 0.0752619 0.0246494 0.00922652 0.072929 0.0751699 0.0705318 0.0752619 0.0672527 0.0403787 0.0378768
148 V 2.83798 0.157955 0.209102 0.0022848 0.0022848 0.0022848 0.0112936 0.0022848 0.22848 0.0022848 0.063255 0.00399306 0.0022848 0.0310459 0.0022848 0.0022848 0.02104 0.0148398 0.228024 0.00749598 0.00519733
149 R 4.22301 0.027063 0.023981 0.038654 0.0466576 0.0436716 0.0275678 0.0587762 0.0772911 0.0757228 0.0540856 0.052246 0.0496139 0.0144742 0.0772911 0.0771108 0.0626706 0.0516588 0.0480358 0.052996 0.0404319
150 A 4.30207 0.055665 0.0449296 0.055665 0.0435135 0.0438121 0.055665 0.055665 0.055665 0.055665 0.055665 0.0343432 0.0537273 0.0316657 0.055665 0.055665 0.055665 0.0494931 0.051089 0.0351112 0.055665
151 Q 3.73643 0.0222992 0.0696126 0.0176334 0.0252637 0.0668566 0.0544321 0.0279371 0.110915 0.0489688 0.0784372 0.06553 0.0861627 0.00206165 0.204994 0.00206165 0.0212735 0.0310581 0.00206165 0.00206165 0.0603801
152 A 3.1655 0.26668 0.0237385 0.00267665 0.00267665 0.0878617 0.0928892 0.00267665 0.016778 0.00267665 0.00267665 0.0216876 0.165382 0.00267665 0.00850178 0.00267665 0.135379 0.106573 0.0289669 0.0241483 0.00267665
153 K 4.18252 0.0660192 0.061367 0.0660192 0.0660192 0.0441445 0.00543966 0.0449943 0.0660192 0.0659771 0.0553309 0.0660192 0.0660192 0.020874 0.0452276 0.0660192 0.0583704 0.0361448 0.0192493 0.0164575 0.0642882
154 K 4.11122 0.0701716 0.0515468 0.0692806 0.0609313 0.0150494 0.00503111 0.0455765 0.0374188 0.0700899 0.0699324 0.0445652 0.0517748 0.000701716 0.0701716 0.0701716 0.0701716 0.064515 0.0701716 0.0162372 0.0464912
155 F 4.05996 0.0785111 0.0701484 0.0563096 0.0641066 0.0784938 0.0246777 0.0561728 0.0458192 0.024287 0.0575382 0.0227208 0.0785111 0.00146676 0.0785111 0.038181 0.0640369 0.0130369 0.0741382 0.000785111 0.0725478
156 A 4.24114 0.0687957 0.0522149 0.0688409 0.0688409 0.0574285 0.0388912 0.0688409 0.0421897 0.0195963 0.025867 0.0423263 0.0199212 0.0511731 0.0688409 0.0687654 0.0522704 0.058643 0.0441504 0.0385938 0.0438094
157 P 4.30319 0.0560523 0.0437665 0.0516635 0.0538447 0.05351 0.0441401 0.0477711 0.0473686 0.0560523 0.0278829 0.0560523 0.0482314 0.0559648 0.0560523 0.0335225 0.0560523 0.051773 0.0481947 0.0560523 0.0560523
158 S 4.1641 0.0666377 0.0513939 0.00216678 0.0223391 0.0422931 0.0243347 0.0636883 0.0605491 0.050802 0.0611178 0.0666377 0.058596 0.0666377 0.0583114 0.0544741 0.0665381 0.0666377 0.0572612 0.0536049 0.00597877
