# POSITION WT SITE_ENTROPY PI_A PI_C PI_D PI_E PI_F PI_G PI_H PI_I PI_K PI_L PI_M PI_N PI_P PI_Q PI_R PI_S PI_T PI_V PI_W PI_Y
1 M 4.14961 0.0526249 0.0605596 0.0480036 0.0567869 0.0662772 0.0531826 0.0577196 0.0353378 0.0525725 0.0530587 0.0965123 0.0508647 0.0430622 0.0446989 0.000968006 0.0516466 0.000968006 0.0621635 0.0463607 0.0666317
2 S 3.83597 0.0511825 0.000926068 0.0347 0.0467678 0.102993 0.0466724 0.065094 0.0412853 0.0150527 0.0150988 0.000926068 0.125597 0.0640469 0.0581249 0.000926068 0.0922667 0.0787183 0.114424 0.0442709 0.000926068
3 G 4.21147 0.0685488 0.0426836 0.0417968 0.0564314 0.0554441 0.0587405 0.0697511 0.0314366 0.0558897 0.0457906 0.0953155 0.0689553 0.0192842 0.0199232 0.0194974 0.0539706 0.0307487 0.0441228 0.0572474 0.0644217
4 I 4.16475 0.0466421 0.0699549 0.0430622 0.028797 0.0569504 0.040229 0.0385151 0.113393 0.0299984 0.0599656 0.119673 0.0335726 0.0276509 0.0416002 0.0476709 0.0171149 0.0492926 0.0554013 0.0413489 0.0391662
5 A 4.09384 0.0499834 0.044613 0.000498168 0.0486846 0.0425603 0.0647333 0.157859 0.0496381 0.0508724 0.0491826 0.0542203 0.0390106 0.0231037 0.0475978 0.0240348 0.0569584 0.0310483 0.0609986 0.0302115 0.0741907
6 L 4.26458 0.055344 0.0480152 0.0501987 0.0516593 0.0651234 0.0436215 0.046555 0.0567758 0.0419691 0.0847138 0.0567386 0.0482578 0.0340759 0.065891 0.0186569 0.0365568 0.0447402 0.0688243 0.0403864 0.0418962
7 S 4.108 0.000997787 0.0739592 0.0249944 0.0477657 0.0361768 0.0479729 0.030113 0.0389747 0.0268104 0.041901 0.0476 0.129566 0.0348539 0.0494956 0.0526463 0.0994756 0.080819 0.0530693 0.0433783 0.0394296
8 R 4.0682 0.0448031 0.0551453 0.045457 0.0464619 0.0357762 0.00185768 0.042015 0.0498716 0.0416232 0.0458527 0.0511777 0.0561443 0.0321566 0.0583218 0.185553 0.0528595 0.0492266 0.0476577 0.0159004 0.0421384
9 L 3.77862 0.0736145 0.126171 0.0128354 0.0172103 0.0401512 0.0358424 0.00173524 0.0437373 0.062866 0.173222 0.114479 0.0237735 0.00173524 0.0184051 0.0229184 0.0573305 0.0655556 0.00173524 0.0326837 0.0739979
10 A 3.99654 0.0972686 0.000975994 0.0526893 0.00322227 0.0534222 0.0501364 0.0707576 0.026517 0.0443463 0.0507158 0.0374629 0.113641 0.0109735 0.0589186 0.00708603 0.0750923 0.0826452 0.0842639 0.0271848 0.0526806
11 Q 4.27926 0.0730314 0.0664004 0.0503909 0.0416346 0.0268761 0.0278811 0.0499046 0.0601578 0.043934 0.0543874 0.0585015 0.0358042 0.0417543 0.0484799 0.0590549 0.0456564 0.0643128 0.0532006 0.0412553 0.0573819
12 E 3.00337 0.00354953 0.00354953 0.0228267 0.351974 0.00354953 0.00354953 0.0684632 0.00354953 0.00354953 0.0447726 0.0729698 0.110021 0.00354953 0.178391 0.00354953 0.0336501 0.00354953 0.0199814 0.0614546 0.00354953
13 R 2.71178 0.00453197 0.00453197 0.00453197 0.0172211 0.00453197 0.00453197 0.0460596 0.0105449 0.0575725 0.0633092 0.00453197 0.00453197 0.00453197 0.176209 0.452035 0.0782786 0.00453197 0.00453197 0.0489184 0.00453197
14 K 3.64318 0.00486015 0.0463744 0.0218862 0.00314286 0.0394012 0.00440745 0.0271851 0.0812858 0.142216 0.0822822 0.0291155 0.0577612 0.00142767 0.0173226 0.227665 0.0242704 0.0462383 0.0949844 0.0199659 0.0282077
15 A 4.09818 0.0515603 0.0531079 0.0801069 0.0534117 0.0506873 0.039563 0.0663813 0.0409973 0.0751305 0.0517586 0.0215044 0.0321232 0.000818717 0.0757908 0.0420399 0.0566146 0.0570952 0.0459208 0.000515391 0.104872
16 W 3.10544 0.051607 0.100881 0.00323817 0.00323817 0.208551 0.00323817 0.0220426 0.0111181 0.0315974 0.0498109 0.00457193 0.00323817 0.00323817 0.0262705 0.00323817 0.0493476 0.0252821 0.00323817 0.322716 0.0735365
17 R 2.38122 0.00441778 0.00441778 0.00441778 0.0151705 0.00441778 0.00441778 0.00441778 0.00441778 0.260392 0.00441778 0.0346844 0.00441778 0.0171175 0.00441778 0.44042 0.149077 0.00441778 0.00441778 0.0257076 0.00441778
18 K 3.77425 0.0252107 0.0705734 0.0116199 0.0219937 0.0305475 0.0466197 0.0679013 0.0200756 0.130355 0.0135109 0.0507041 0.00724386 0.00130704 0.0772961 0.157249 0.0844179 0.0541281 0.11561 0.00308423 0.010553
19 D 3.92464 0.111658 0.0138891 0.116928 0.146332 0.1095 0.0624099 0.041206 0.0118065 0.0306935 0.0316473 0.0495934 0.0452948 0.0221487 0.0011754 0.0322309 0.0180576 0.0378052 0.0429525 0.0328015 0.04187
20 H 2.17387 0.00549646 0.00549646 0.0489409 0.00549646 0.00549646 0.00549646 0.547537 0.00549646 0.0368919 0.00956238 0.00549646 0.00549646 0.00549646 0.00549646 0.244726 0.00549646 0.00549646 0.00549646 0.0353924 0.00549646
21 P 3.61966 0.00257051 0.0274222 0.0216982 0.00257051 0.00257051 0.042677 0.0446736 0.0315069 0.0629799 0.0466246 0.0535076 0.087039 0.255649 0.038315 0.00257051 0.0997572 0.0733658 0.0827209 0.0161191 0.00566188
22 F 3.27276 0.0447711 0.00282315 0.0734438 0.00282315 0.280989 0.038758 0.127904 0.0542477 0.00282315 0.0491355 0.00282315 0.025021 0.00663579 0.0128728 0.00282315 0.0235243 0.00282315 0.0344262 0.0227189 0.188613
23 G 3.85426 0.0480393 0.0685053 0.00132242 0.0802167 0.0416996 0.131692 0.042969 0.0101991 0.0708458 0.0361725 0.011557 0.10667 0.00949907 0.0727119 0.0183896 0.109002 0.00132242 0.00789171 0.0519109 0.0793832
24 F 3.58075 0.00192762 0.0898071 0.0300827 0.0313768 0.192268 0.0608464 0.0337734 0.044407 0.00192762 0.0303623 0.132742 0.0282043 0.0266999 0.00375688 0.00192762 0.00192762 0.0219637 0.0422861 0.0494028 0.174311
25 V 4.08557 0.0526944 0.0492001 0.0570377 0.00245349 0.0596031 0.0207554 0.05409 0.125141 0.0503202 0.0557663 0.0624037 0.0127984 0.0109145 0.0714402 0.0816178 0.0446241 0.0314553 0.0798836 0.0343119 0.0434887
26 A 3.61994 0.17223 0.0779879 0.00821135 0.00172918 0.117778 0.106261 0.0349361 0.0597648 0.0253734 0.0825963 0.00172918 0.0157107 0.00172918 0.0139549 0.00287412 0.126695 0.0416613 0.00172918 0.0576749 0.0493738
27 V 4.09737 0.0239221 0.0479835 0.000720941 0.0460652 0.0514932 0.0377266 0.0865126 0.0693115 0.0765812 0.0764132 0.0895157 0.0397748 0.0378108 0.0090306 0.081182 0.0390536 0.0146546 0.0719265 0.0435304 0.0567909
28 P 3.53754 0.116918 0.00152857 0.0315463 0.00152857 0.0297489 0.238062 0.0572641 0.00152857 0.0377036 0.0510893 0.0266076 0.0411218 0.152625 0.0146177 0.068714 0.0303817 0.0549367 0.0410209 0.00152857 0.00152857
29 T 4.18813 0.0421131 0.0570607 0.0373544 0.0549929 0.0724555 0.0478994 0.0536223 0.0375415 0.0563525 0.0684273 0.0441776 0.0853371 0.00684213 0.0508752 0.0644472 0.0645126 0.046481 0.0220968 0.0123199 0.0750909
30 K 4.10882 0.0577594 0.0138931 0.0258943 0.0343721 0.0379636 0.0500335 0.0575992 0.0694058 0.0917835 0.0342806 0.057402 0.028589 0.052281 0.0388105 0.131631 0.0734505 0.0374728 0.0684094 0.00629633 0.0326724
31 N 4.24124 0.0396735 0.0593968 0.024047 0.0553757 0.0398452 0.025672 0.0585116 0.0474211 0.0600647 0.0838614 0.0731484 0.0672184 0.0295838 0.0506703 0.0442019 0.0547199 0.0369271 0.0256731 0.0533801 0.0706079
32 P 4.27053 0.0490966 0.0327703 0.0656962 0.0393135 0.0165193 0.0421441 0.0465739 0.0504842 0.0653937 0.0546461 0.0627251 0.0509305 0.0442872 0.0610449 0.0717866 0.0573973 0.0528248 0.0369378 0.0434566 0.0559712
33 D 3.11985 0.00437303 0.0400875 0.309375 0.145202 0.00311168 0.0117159 0.00311168 0.00910662 0.00311168 0.0234198 0.0408438 0.122347 0.00311168 0.0140976 0.00311168 0.00311168 0.0392669 0.00311168 0.115626 0.102756
34 G 4.0189 0.0397613 0.0454371 0.0670872 0.0648494 0.0138898 0.100282 0.142484 0.0237507 0.0403872 0.0327 0.0559263 0.0432701 0.0298316 0.116086 0.0659631 0.0310222 0.0103392 0.01689 0.0424416 0.017602
35 T 2.75403 0.11419 0.00244647 0.00244647 0.00244647 0.00244647 0.0940482 0.0679348 0.00244647 0.00244647 0.00244647 0.0281366 0.00378997 0.0268378 0.0285098 0.00244647 0.35186 0.243071 0.00685418 0.00451526 0.0106811
36 M 3.58405 0.0103219 0.0553012 0.0344935 0.0323068 0.0452903 0.0146093 0.033105 0.0767578 0.0672587 0.201875 0.157252 0.00157988 0.00157988 0.00638711 0.117476 0.0202406 0.00157988 0.056387 0.00157988 0.0646182
37 N 4.2437 0.0713902 0.0701492 0.0592875 0.0625105 0.0533402 0.0463786 0.0495532 0.0333206 0.0582081 0.0341174 0.0431776 0.0467896 0.00661384 0.0596875 0.0547666 0.0603142 0.0459448 0.0529864 0.0321351 0.0593289
38 L 3.38581 0.0580208 0.0679484 0.00194425 0.00641959 0.154039 0.00194425 0.00194425 0.109052 0.00194425 0.193992 0.0710274 0.00194425 0.0618167 0.00194425 0.00194425 0.00194425 0.0360871 0.139134 0.0285421 0.0583668
39 M 4.04058 0.0488645 0.0518 0.0271321 0.107773 0.0611979 0.048188 0.0392836 0.0358668 0.033702 0.0795102 0.0975104 0.0302842 0.0213507 0.000977971 0.0462369 0.000977971 0.0694885 0.103787 0.049652 0.0464156
40 N 4.21866 0.0948011 0.0587687 0.0693272 0.0803627 0.0517235 0.0134335 0.0651233 0.0421058 0.0471972 0.0483853 0.0490107 0.0504123 0.0232158 0.0550645 0.0375796 0.0636958 0.0341333 0.0494205 0.0309281 0.0353112
41 W 3.22748 0.0209182 0.0169755 0.00321712 0.165434 0.102411 0.00321712 0.0431141 0.0165454 0.0524995 0.0115906 0.0341114 0.0971467 0.00321712 0.0145175 0.00321712 0.040655 0.00321712 0.0439489 0.320829 0.00321712
42 E 4.22334 0.0774442 0.041983 0.0619814 0.0623215 0.051545 0.0543318 0.0341184 0.0447478 0.0639191 0.0497999 0.0563785 0.02065 0.00520292 0.0438559 0.0485292 0.0538828 0.0613759 0.0700136 0.0359332 0.0619861
43 C 3.79823 0.0654694 0.108637 0.0351092 0.0242308 0.0370018 0.0971438 0.00108906 0.0583157 0.00108906 0.0215753 0.0610776 0.0864293 0.0442052 0.00675359 0.00108906 0.0689875 0.171395 0.0665852 0.0291882 0.0146281
44 A 4.07992 0.0565762 0.0168964 0.0240799 0.0625781 0.0431704 0.079146 0.0861649 0.0493738 0.106435 0.0485492 0.0704762 0.0331775 0.0177734 0.0474723 0.00501399 0.0324889 0.0354682 0.0338082 0.0327512 0.118601
45 I 3.50405 0.0128879 0.159952 0.00510524 0.00125353 0.0532357 0.0089007 0.00125353 0.124859 0.00125353 0.0422217 0.136516 0.0140256 0.0465486 0.00125353 0.0283116 0.0316094 0.0969226 0.172628 0.0301288 0.0311334
46 P 4.13741 0.0831922 0.0824005 0.0234856 0.037094 0.0221346 0.0582694 0.0479515 0.0678295 0.0408866 0.0559775 0.0240505 0.0430638 0.124585 0.0133428 0.0428934 0.054232 0.0377781 0.0754889 0.0229676 0.0423763
47 G 3.74593 0.0753345 0.086263 0.00300103 0.0022592 0.0400196 0.225749 0.039173 0.0314011 0.0953082 0.0022592 0.0605589 0.0461227 0.0022592 0.0409865 0.0177631 0.0626495 0.019084 0.0447399 0.036874 0.0681948
48 K 3.97844 0.0641847 0.0322728 0.0519929 0.0445751 0.000846843 0.00668611 0.0512536 0.0355248 0.0844056 0.0830752 0.0633269 0.0618421 0.105731 0.0579003 0.0934891 0.0166253 0.0751168 0.0615695 0.000846843 0.00873422
49 K 4.21165 0.067273 0.048359 0.0394489 0.0695348 0.0636325 0.0650865 0.0750427 0.0471806 0.0612389 0.0256255 0.040523 0.068177 0.0161055 0.0452663 0.083574 0.0155615 0.0338105 0.0564273 0.038181 0.0399516
50 G 4.05416 0.0565512 0.0386893 0.0226395 0.0791807 0.0620962 0.0633888 0.0682446 0.010251 0.0820913 0.0467432 0.00874978 0.105408 0.000634659 0.0495992 0.0738222 0.0643207 0.0171729 0.0319547 0.0397907 0.0786716
51 T 3.11883 0.00290873 0.178811 0.00168906 0.00168906 0.0324373 0.0541821 0.053508 0.00377613 0.03246 0.00168906 0.00382609 0.0707437 0.00168906 0.198138 0.00168906 0.171823 0.167712 0.00168906 0.00168906 0.0178516
52 P 4.25972 0.0668278 0.037364 0.0421434 0.0682122 0.0396723 0.0726433 0.0660717 0.0440792 0.042734 0.0323338 0.0371134 0.0855426 0.0499003 0.0464878 0.0352635 0.0605273 0.0543821 0.0270814 0.0445145 0.0471054
53 W 2.95644 0.00337615 0.00337615 0.015635 0.0236851 0.183471 0.00337615 0.00337615 0.00337615 0.00337615 0.0282549 0.0240138 0.16698 0.00337615 0.00337615 0.0131153 0.0457597 0.00337615 0.0586497 0.336778 0.073272
54 E 4.03828 0.0575735 0.0111171 0.0287567 0.0905135 0.0966713 0.0716835 0.0478955 0.043776 0.056473 0.013412 0.0899138 0.017108 0.000906776 0.0876859 0.0260882 0.0822552 0.066727 0.0503511 0.0210908 0.0400012
55 G 4.20752 0.0455988 0.0573605 0.0760755 0.0517009 0.0879034 0.0605028 0.07009 0.0344852 0.0431776 0.0476586 0.062964 0.0372278 0.0392328 0.0535641 0.0226911 0.0431961 0.0144381 0.0239278 0.0405663 0.0876386
56 G 2.80306 0.0567597 0.104112 0.00448927 0.00448927 0.00448927 0.448521 0.00448927 0.0272402 0.00448927 0.00448927 0.128932 0.00448927 0.0525648 0.00892292 0.00448927 0.013595 0.00448927 0.0445541 0.00448927 0.0699059
57 L 4.17642 0.0259217 0.0725862 0.01894 0.0742723 0.0422855 0.0226002 0.109935 0.0558798 0.0505978 0.0743282 0.0559002 0.0492041 0.0197688 0.0672374 0.0674884 0.0538879 0.0314819 0.0412199 0.0365966 0.0298678
58 F 3.57335 0.0422091 0.0336182 0.041503 0.0313403 0.192689 0.0236818 0.0025713 0.0368136 0.0202444 0.0198577 0.0775547 0.00193074 0.0212195 0.0477566 0.0123626 0.00889671 0.0359303 0.105571 0.014196 0.230054
59 K 4.27025 0.0416501 0.0577911 0.0343799 0.0485295 0.0635121 0.0304942 0.0767238 0.0408116 0.0547829 0.0449625 0.0268118 0.0522974 0.0323944 0.0482423 0.0643454 0.0565286 0.0525208 0.0547787 0.0741865 0.0442565
60 L 3.61983 0.0958926 0.124947 0.0010286 0.0012852 0.147282 0.0533667 0.0151009 0.114676 0.0120626 0.102714 0.102674 0.00159714 0.00108813 0.0115477 0.0122208 0.0237089 0.0628047 0.0648766 0.00834785 0.0427779
61 R 4.288 0.0458037 0.0533427 0.0503382 0.0448717 0.0478929 0.0361696 0.0459918 0.037463 0.0706295 0.051446 0.0446816 0.0722056 0.0398795 0.055522 0.0587394 0.0581533 0.0686444 0.0454375 0.0329777 0.0398099
62 M 3.54296 0.0906827 0.0844375 0.0136046 0.00130518 0.168868 0.00919556 0.019379 0.0946318 0.0207628 0.074353 0.130212 0.00130518 0.010099 0.0105863 0.00130518 0.0117338 0.0699852 0.136334 0.00130518 0.0499147
63 L 4.13456 0.0457308 0.0233847 0.0657964 0.082756 0.0616091 0.0604443 0.05408 0.0493975 0.0592066 0.0515581 0.0645927 0.0439081 0.000515807 0.0697106 0.0560025 0.065722 0.0309919 0.0753981 0.00283116 0.0363638
64 F 3.61658 0.0536579 0.0492679 0.136259 0.0235808 0.0994668 0.00722252 0.00667408 0.0669277 0.00239835 0.0764545 0.200249 0.0261675 0.016127 0.0195113 0.000995333 0.000995333 0.0126974 0.099301 0.0268106 0.0752359
65 K 4.12796 0.0164597 0.0501617 0.0139051 0.0809 0.0263147 0.0428306 0.05129 0.0690727 0.0493023 0.0714065 0.0926466 0.0729773 0.0422846 0.0649852 0.0648716 0.0553415 0.0741893 0.0225106 0.00357091 0.0349789
66 D 4.23788 0.0569066 0.0681501 0.063256 0.0625927 0.0450419 0.0517282 0.0653113 0.0445545 0.0421382 0.0647471 0.0538811 0.0517861 0.0595368 0.0576011 0.00683796 0.0452355 0.0670172 0.0325187 0.028527 0.0326319
67 D 4.17102 0.0600446 0.0574109 0.0593021 0.062304 0.088932 0.07822 0.0921521 0.0155672 0.0277709 0.0209863 0.0638647 0.0572676 0.0445581 0.045846 0.0287656 0.0656432 0.0479342 0.0428608 0.0158576 0.0247122
68 Y 3.22958 0.0263477 0.038467 0.00272116 0.00272116 0.170198 0.00272116 0.106506 0.00272116 0.00272116 0.00272116 0.0890216 0.00272116 0.00272116 0.00272116 0.0751362 0.0245572 0.0646792 0.0248428 0.0848507 0.270904
69 P 2.75122 0.0672995 0.0386481 0.00894267 0.00468669 0.0427791 0.00468669 0.00468669 0.00468669 0.109439 0.00468669 0.00468669 0.00468669 0.467465 0.00468669 0.00468669 0.00468669 0.0381385 0.0706586 0.105076 0.00468669
70 S 4.20046 0.0680033 0.0649387 0.0175173 0.0404268 0.0391884 0.0728219 0.0582744 0.0791929 0.0221962 0.0705162 0.0447456 0.0780233 0.0096549 0.0546811 0.0355484 0.0556112 0.055678 0.0397579 0.0398314 0.0533924
71 S 4.10549 0.0804463 0.042899 0.0999445 0.111823 0.0232349 0.0827637 0.0732685 0.0287746 0.0490956 0.0181156 0.0208888 0.0418375 0.0169524 0.0522926 0.0297002 0.0526156 0.0475891 0.0144798 0.0697036 0.0435749
72 P 3.47088 0.159154 0.112244 0.00668142 0.0139343 0.00148531 0.0378307 0.0174312 0.00148531 0.0202147 0.00148531 0.00148531 0.127974 0.148361 0.0857484 0.0373744 0.118354 0.0311016 0.0717643 0.00440596 0.00148531
73 P 3.14213 0.132063 0.103482 0.00132871 0.00132871 0.00960827 0.00132871 0.00132871 0.0644779 0.00132871 0.030076 0.211918 0.00132871 0.132626 0.00132871 0.00481194 0.0303143 0.103814 0.162701 0.00132871 0.00347738
74 K 4.21557 0.0582694 0.0646377 0.054527 0.0592801 0.0603505 0.0528707 0.0561764 0.0570209 0.0323497 0.0546717 0.0603321 0.0560447 0.0188967 0.0479703 0.0445023 0.0608112 0.0509492 0.0506543 0.000323132 0.059362
75 C 3.65444 0.0479258 0.0596836 0.00509195 0.00221283 0.100927 0.0567812 0.00492322 0.152893 0.000596887 0.112533 0.056076 0.0210708 0.0984468 0.00413746 0.0139966 0.0593091 0.0417903 0.140563 0.0171524 0.00388948
76 K 4.21413 0.0546794 0.0345925 0.0764255 0.0590925 0.0615944 0.0441925 0.0624068 0.0494483 0.0354615 0.0497251 0.0412114 0.060191 0.000867341 0.0459164 0.0498333 0.059447 0.0588493 0.0421474 0.0347042 0.0792143
77 F 2.52123 0.00498612 0.0122716 0.00498612 0.0338085 0.497796 0.00498612 0.00498612 0.0242497 0.00498612 0.159124 0.0728739 0.00498612 0.00498612 0.00498612 0.00498612 0.00498612 0.114969 0.00498612 0.00498612 0.0250734
78 E 4.20386 0.0479126 0.0239246 0.0540652 0.0515919 0.0445851 0.0583589 0.0533314 0.0400139 0.0800857 0.0411638 0.0710314 0.0646565 0.00404153 0.0489167 0.0744924 0.0455811 0.0399458 0.0828933 0.0440298 0.0293781
79 P 4.3031 0.0628134 0.0419708 0.0485162 0.0506397 0.0374985 0.0481128 0.0570374 0.0555153 0.051233 0.0363546 0.0445768 0.0594716 0.0364508 0.0464544 0.0571034 0.052095 0.0446416 0.0527597 0.0520039 0.0647512
80 P 4.25163 0.0675919 0.0187023 0.0555839 0.0472456 0.0537728 0.059185 0.0576497 0.0258134 0.0464867 0.0316906 0.0668962 0.0636747 0.0545491 0.0399965 0.0473018 0.0454269 0.0588675 0.0246071 0.0670696 0.0678887
81 L 3.02854 0.0528198 0.0396353 0.00192123 0.00192123 0.0687303 0.0110109 0.00192123 0.231325 0.00584296 0.191883 0.156956 0.00192123 0.0216623 0.00192123 0.0101882 0.00650899 0.0117166 0.178272 0.00192123 0.00192123
82 F 3.18395 0.0128541 0.0270484 0.00310279 0.0312769 0.309641 0.0255379 0.0895752 0.0306046 0.00310279 0.0756747 0.054702 0.00310279 0.00310279 0.00310279 0.00310279 0.00310279 0.0414989 0.0116325 0.202911 0.0653237
83 H 2.02939 0.00686638 0.00686638 0.0364913 0.00686638 0.0377232 0.00686638 0.685005 0.0175707 0.0835799 0.010494 0.00686638 0.00686638 0.00686638 0.00686638 0.00686638 0.00686638 0.00686638 0.00920319 0.037536 0.00686638
84 P 3.64198 0.0807168 0.0582291 0.0428824 0.00444876 0.00577405 0.00614031 0.000831341 0.105331 0.000831341 0.133882 0.115702 0.0552725 0.0828572 0.0343003 0.00196642 0.00881186 0.0603229 0.148002 0.0080644 0.0456325
85 N 3.06788 0.088393 0.124776 0.00314866 0.0424527 0.0613165 0.00314866 0.00314866 0.00314866 0.00314866 0.00314866 0.0414789 0.313869 0.00314866 0.00314866 0.0148457 0.182692 0.00314866 0.047716 0.0509728 0.00314866
86 V 3.41102 0.0966037 0.127828 0.0184868 0.00171373 0.0546384 0.00171373 0.00809054 0.0830709 0.0636561 0.0345957 0.162 0.00404729 0.00171373 0.00217038 0.00171373 0.109375 0.00171373 0.170815 0.00429748 0.0517552
87 Y 2.8621 0.00266059 0.00266059 0.00266059 0.0227154 0.368872 0.0118258 0.0460615 0.0367903 0.0116344 0.0326632 0.074416 0.00266059 0.00266059 0.0173078 0.00266059 0.00266059 0.0381572 0.0274567 0.0285261 0.264949
88 P 4.22483 0.048992 0.0811846 0.0676418 0.07265 0.0428838 0.0488947 0.0500552 0.0652632 0.0334275 0.0455655 0.0443152 0.0276695 0.0356259 0.0852395 0.0527419 0.0478583 0.0540079 0.023735 0.0144679 0.0577805
89 S 4.17582 0.0452403 0.0944324 0.0439397 0.0572962 0.0421746 0.0493705 0.0986099 0.0503842 0.0361483 0.0286054 0.0730602 0.0214803 0.0329578 0.0861291 0.0364239 0.040298 0.042374 0.0200583 0.024854 0.0761629
90 G 2.94173 0.0577765 0.104292 0.00306541 0.00306541 0.00306541 0.306185 0.00306541 0.0283872 0.00306541 0.00306541 0.0665856 0.00306541 0.0849612 0.00306541 0.00306541 0.0254334 0.00306541 0.052079 0.00306541 0.240581
91 T 4.12669 0.0632383 0.148227 0.0186084 0.0477875 0.0509108 0.0778459 0.0567121 0.0470792 0.0101664 0.0454872 0.0313285 0.0325388 0.0485233 0.0528807 0.0234755 0.0663995 0.0350445 0.0565357 0.0301385 0.0570719
92 V 3.44523 0.118223 0.0928431 0.0433751 0.00166906 0.0380285 0.00166906 0.00267446 0.0672672 0.00166906 0.183942 0.00166906 0.00166906 0.0669296 0.00166906 0.00166906 0.0836891 0.0595265 0.166619 0.0173893 0.0478095
93 C 3.49965 0.0983834 0.256847 0.0279154 0.0541882 0.0889332 0.00621334 0.0380215 0.0676501 0.0151611 0.0621355 0.0701511 0.0790038 0.00257336 0.0303141 0.00257336 0.00257336 0.00257336 0.0896426 0.00257336 0.00257336
94 L 3.48386 0.066081 0.0789671 0.00892952 0.0238881 0.0990759 0.00142626 0.0136217 0.0888766 0.00142626 0.142672 0.0433325 0.0241941 0.00142626 0.00142626 0.00142626 0.0593016 0.0156066 0.232968 0.0244013 0.0709535
95 S 3.11247 0.0296324 0.0611353 0.00230967 0.0297247 0.00230967 0.00230967 0.00230967 0.0379442 0.0221266 0.0163722 0.00230967 0.268209 0.00230967 0.00959507 0.00230967 0.22956 0.147492 0.00955173 0.0658835 0.0566049
96 I 3.7793 0.00642741 0.0702823 0.0335021 0.00105841 0.0209958 0.0276789 0.0224142 0.105615 0.00978616 0.0665254 0.0617004 0.0293345 0.00105841 0.0241833 0.0577488 0.0882108 0.175992 0.129701 0.0383854 0.0293998
97 L 4.04241 0.0395333 0.167253 0.0337411 0.037339 0.0198397 0.034936 0.0443774 0.0763773 0.0330198 0.0425734 0.0423162 0.0401999 0.0358552 0.0384497 0.036508 0.0344349 0.133663 0.0635176 0.0274295 0.0186357
98 E 4.09412 0.0798949 0.0165698 0.080329 0.0288885 0.0486697 0.0646348 0.0510576 0.0788337 0.0424406 0.0265304 0.0366519 0.0878334 0.0240308 0.0588659 0.0150345 0.111878 0.019031 0.0249583 0.0225216 0.0813453
99 E 4.23054 0.0511116 0.042629 0.0927179 0.0528235 0.0433155 0.0791705 0.028216 0.0469684 0.0466676 0.0490653 0.0604594 0.0594993 0.0422796 0.0674311 0.0401198 0.0501465 0.0137358 0.0457164 0.0245768 0.0633501
100 D 4.16088 0.047876 0.014994 0.0386454 0.0211554 0.0419633 0.0487064 0.0553015 0.0905438 0.0406907 0.0451865 0.097687 0.0553689 0.032456 0.0529362 0.0218222 0.109685 0.0358057 0.0661641 0.0306016 0.0524102
101 K 4.23041 0.0867396 0.0571383 0.0593891 0.0482765 0.03953 0.0310443 0.0632766 0.0303215 0.0469884 0.0569928 0.0269007 0.073145 0.0254292 0.0330806 0.0562531 0.0568916 0.0612222 0.0534669 0.0211853 0.0727285
102 D 3.95417 0.0836484 0.0634778 0.0751449 0.0579711 0.0423561 0.113806 0.0932508 0.0210552 0.0346532 0.00917584 0.0734451 0.0486156 0.00119213 0.00104546 0.00175707 0.0951908 0.0452053 0.0426826 0.0527369 0.0435895
103 W 2.29387 0.00261758 0.00261758 0.00261758 0.00261758 0.197569 0.00261758 0.06674 0.0040995 0.00261758 0.00261758 0.0410014 0.00261758 0.00261758 0.00261758 0.00261758 0.00261758 0.00261758 0.00261758 0.260834 0.39311
104 R 3.38719 0.13087 0.139049 0.0440932 0.0355356 0.00169062 0.0156971 0.00169062 0.00169062 0.144643 0.0104648 0.0105565 0.00169062 0.00169062 0.0299756 0.168091 0.134797 0.082972 0.0266673 0.0164436 0.00169062
105 P 3.43985 0.177957 0.128301 0.00131521 0.0659426 0.00131521 0.106002 0.00131521 0.0475358 0.00131521 0.00153553 0.0795059 0.00131521 0.131197 0.00361711 0.028595 0.109252 0.0417562 0.0587771 0.00680928 0.00664117
106 A 3.27891 0.135245 0.0946959 0.00889597 0.0188286 0.00135936 0.118812 0.00135936 0.0550068 0.00135936 0.044904 0.00135936 0.00135936 0.0220906 0.0250442 0.00135936 0.189676 0.139452 0.136474 0.00135936 0.00135936
107 I 4.0607 0.0690451 0.0893334 0.0457572 0.0474578 0.0502434 0.0575771 0.0526817 0.0600792 0.0134169 0.0766084 0.0655039 0.0808596 0.00268461 0.0578152 0.0166714 0.0643633 0.0452374 0.0861109 0.000600771 0.0179527
108 T 4.28232 0.0647785 0.0550845 0.0270151 0.0455513 0.0603712 0.0309186 0.0482647 0.0548765 0.0444893 0.0580004 0.0488591 0.0524739 0.0305013 0.0581912 0.0552717 0.0532755 0.0354472 0.0560906 0.0492249 0.0713145
109 I 3.58354 0.132792 0.0480061 0.00480353 0.00139815 0.0626681 0.0265002 0.00914588 0.13952 0.00139815 0.123089 0.130161 0.00139815 0.0114161 0.0216286 0.013716 0.0196116 0.049344 0.123707 0.0709568 0.00873941
110 K 4.05612 0.0149347 0.0378136 0.0433547 0.0367283 0.0171863 0.0248735 0.0693565 0.0445519 0.119221 0.0319323 0.0346038 0.067489 0.0791261 0.0659967 0.124874 0.0434123 0.0255299 0.0830695 0.0144014 0.0215451
111 Q 4.30085 0.0466591 0.0580241 0.0384201 0.0368401 0.0530742 0.0595454 0.0511316 0.0510046 0.0611949 0.0423666 0.0428283 0.0447135 0.0611942 0.035078 0.0581838 0.0625158 0.0418923 0.0502427 0.048195 0.0568958
112 I 3.83182 0.0417936 0.0620977 0.015699 0.00764607 0.103013 0.0153381 0.0653076 0.0639901 0.0303399 0.104677 0.0983196 0.0719386 0.000639926 0.0722082 0.0168679 0.0240749 0.121105 0.0808808 0.0034226 0.000639926
113 L 3.64785 0.125653 0.118884 0.00107776 0.00107776 0.0342126 0.0159293 0.00143837 0.10995 0.00107776 0.107673 0.0924011 0.0169964 0.0217238 0.0247392 0.00630058 0.0855655 0.0905917 0.0951815 0.00836966 0.0411567
114 L 4.29726 0.0533654 0.0587542 0.0337125 0.0426656 0.046303 0.0457768 0.044415 0.0462503 0.0448036 0.0485148 0.0544747 0.0504565 0.0642554 0.049462 0.0334007 0.0500255 0.0503828 0.0762255 0.0572041 0.0495518
115 G 2.55125 0.112571 0.126923 0.00491448 0.00491448 0.00491448 0.49069 0.00491448 0.00491448 0.00491448 0.00491448 0.0159196 0.00491448 0.0398904 0.00491448 0.00491448 0.0459742 0.00491448 0.00491448 0.00491448 0.104144
116 I 3.67745 0.133808 0.121811 0.0281035 0.0157362 0.0294142 0.0134508 0.0603561 0.0703155 0.000703582 0.129624 0.11304 0.00148951 0.000703582 0.0233307 0.0190342 0.0580912 0.0859457 0.0804108 0.00154736 0.0130836
117 Q 4.22679 0.087372 0.0657973 0.0285303 0.0420033 0.0664655 0.0631198 0.0773532 0.0261537 0.0334764 0.0412207 0.0361893 0.0472322 0.0355725 0.065324 0.0586787 0.0587516 0.0671215 0.0216818 0.0318103 0.0461461
118 E 4.23665 0.0400807 0.0437494 0.0694133 0.0608721 0.100185 0.045154 0.0578136 0.0453599 0.0522076 0.0508679 0.0464917 0.0641357 0.0115358 0.043055 0.0551437 0.0316437 0.0431967 0.0539072 0.0319278 0.0532589
119 L 3.18542 0.00130903 0.0309455 0.0112737 0.0197939 0.264001 0.00320581 0.050395 0.0253503 0.00130903 0.130615 0.101733 0.00991046 0.00130903 0.00130903 0.00130903 0.0257501 0.00130903 0.0474892 0.0855567 0.186125
120 L 3.45533 0.0549878 0.0483019 0.00206212 0.00206212 0.068561 0.0123814 0.00206212 0.0916624 0.00206212 0.205944 0.178884 0.00206212 0.00206212 0.034191 0.00564234 0.00700713 0.0715368 0.0628808 0.0628528 0.0827945
121 N 4.22467 0.0537298 0.0528854 0.0748253 0.0661586 0.0115561 0.0368596 0.0418752 0.0432983 0.0490716 0.0184688 0.0652975 0.061804 0.0271218 0.0691696 0.0569344 0.060402 0.0593274 0.0717408 0.0385114 0.0409622
122 E 4.2119 0.0569649 0.0673646 0.0643132 0.057998 0.0489944 0.0331917 0.0467046 0.0350307 0.0335238 0.0441102 0.0598429 0.0676811 0.000579972 0.0592497 0.0493294 0.0512774 0.0746536 0.0619589 0.0332394 0.0539916
123 P 2.50255 0.11482 0.0555292 0.00461865 0.00461865 0.00461865 0.00461865 0.00461865 0.0542223 0.00461865 0.00461865 0.00461865 0.00461865 0.461296 0.00461865 0.00461865 0.00582035 0.00461865 0.206867 0.00461865 0.041403
124 N 3.35984 0.0450632 0.163535 0.00181939 0.00770688 0.0971049 0.0531503 0.109115 0.0100266 0.00181939 0.00181939 0.013899 0.180973 0.0127361 0.00181939 0.00673718 0.0510759 0.00181939 0.00181939 0.114887 0.123073
125 I 3.96576 0.0501166 0.0940626 0.0256848 0.0253086 0.0761353 0.00109028 0.00722583 0.108748 0.0116529 0.0787279 0.0643658 0.0546337 0.045882 0.0360647 0.01114 0.0596143 0.0670443 0.0936834 0.0819719 0.00684728
126 Q 4.2668 0.050258 0.0612118 0.0418989 0.0609599 0.0327455 0.0465378 0.0422907 0.0548138 0.0535077 0.0432604 0.0473913 0.0429854 0.0155506 0.051959 0.0691977 0.0611969 0.0691053 0.0716366 0.0433386 0.040154
127 D 3.13471 0.0448554 0.00188807 0.18772 0.153685 0.0250777 0.132813 0.0103157 0.00188807 0.00188807 0.00188807 0.00188807 0.0583953 0.00188807 0.00188807 0.00188807 0.131803 0.0579087 0.00188807 0.00188807 0.178545
128 P 3.46735 0.162009 0.0693418 0.0138602 0.0129763 0.00137742 0.13627 0.00185516 0.0209957 0.0217856 0.00137742 0.0144003 0.0106482 0.137412 0.0268835 0.105417 0.161446 0.0637777 0.00137742 0.0148301 0.0219597
129 A 2.71665 0.469977 0.115006 0.0244173 0.00471116 0.00471116 0.0438699 0.0268746 0.00471116 0.00471116 0.00471116 0.00471116 0.0692585 0.0101152 0.00471116 0.00471116 0.0954811 0.00471116 0.00471116 0.00471116 0.0931772
130 Q 4.00361 0.0892829 0.0432817 0.0318298 0.0431494 0.0404502 0.000916631 0.0716438 0.0436755 0.00654414 0.0900494 0.0472184 0.0945905 0.000916631 0.0913524 0.0696352 0.0508856 0.0468347 0.0181304 0.0897005 0.0299121
131 A 4.09173 0.065032 0.0763056 0.0397015 0.0466358 0.00801075 0.0723386 0.0669971 0.0114531 0.051388 0.0523862 0.0215019 0.0771039 0.0482328 0.0695732 0.0186708 0.0731667 0.0765014 0.0708617 0.000650822 0.0534882
132 E 4.21145 0.0639488 0.0511555 0.104287 0.0869974 0.0275739 0.0657702 0.055879 0.0253644 0.0339053 0.0582297 0.0558352 0.0475271 0.0302997 0.0551113 0.0487903 0.0441041 0.0487791 0.0443573 0.0192555 0.032829
133 A 3.49969 0.178066 0.11514 0.0117693 0.00178516 0.0479534 0.0653314 0.0234855 0.0242987 0.015385 0.0741517 0.00178516 0.00178516 0.155604 0.00688818 0.0117891 0.165096 0.027128 0.0322176 0.00373663 0.0366044
134 Y 3.94379 0.10763 0.0570084 0.0282016 0.0381017 0.0801767 0.0210216 0.0235752 0.0521246 0.0169904 0.0185837 0.0899511 0.024511 0.0198739 0.0266665 0.00136957 0.119077 0.0291346 0.0633994 0.0461599 0.136444
135 T 4.1574 0.0659927 0.101627 0.0306942 0.0570766 0.0524566 0.0209401 0.0149502 0.0561226 0.0209512 0.0634878 0.0416735 0.0294604 0.012737 0.0600091 0.0633524 0.0556423 0.0619116 0.090045 0.0627237 0.038146
136 I 4.131 0.0640039 0.0495182 0.05351 0.065604 0.0766471 0.00528316 0.0338575 0.07036 0.0345463 0.0559759 0.0597293 0.0297695 0.000704689 0.0700696 0.0185299 0.0743232 0.048094 0.0591531 0.0725205 0.0578001
137 Y 3.06783 0.00260083 0.0202413 0.00260083 0.00260083 0.157916 0.00260083 0.0222184 0.0700143 0.0610135 0.0763252 0.216684 0.00260083 0.00260083 0.0504248 0.00260083 0.00388985 0.0384811 0.00260083 0.00260083 0.259384
138 C 4.06407 0.0551488 0.0586227 0.0371009 0.0924848 0.0331303 0.0307468 0.0340408 0.067281 0.0708375 0.0266572 0.0500986 0.0903907 0.000586599 0.0500181 0.0650416 0.0697782 0.100377 0.0344898 0.0325824 0.000586599
139 Q 4.21516 0.0503237 0.0502486 0.06957 0.068431 0.0318913 0.0276132 0.0568724 0.0306506 0.0477567 0.0540805 0.0605744 0.0540972 0.0231657 0.0634427 0.0779191 0.0307886 0.0668478 0.0128563 0.0435637 0.0793067
140 N 3.78184 0.162401 0.0170572 0.110758 0.0835219 0.0537378 0.0103537 0.0629671 0.000901664 0.0364525 0.000901664 0.0218945 0.0899836 0.025237 0.100735 0.0622453 0.0718271 0.0114584 0.000901664 0.0353098 0.0413561
141 R 4.21838 0.0458284 0.0530166 0.0322167 0.0100605 0.0527502 0.0331063 0.0688834 0.0544803 0.0471747 0.0439422 0.0961925 0.0681919 0.0622943 0.0691381 0.0578094 0.0314735 0.0551129 0.0471322 0.0252775 0.0459184
142 V 4.29335 0.0449353 0.0511417 0.059605 0.0567517 0.0410421 0.0465172 0.0457338 0.0496655 0.0662641 0.0411237 0.0496618 0.0792267 0.0476426 0.0411622 0.0516115 0.0587961 0.0462093 0.0397118 0.0321876 0.0510102
143 E 4.23687 0.0672483 0.0576637 0.059911 0.067215 0.0299905 0.0473676 0.0509134 0.0381603 0.05424 0.051821 0.0668573 0.0643922 0.0142832 0.0602402 0.021642 0.0774119 0.0325939 0.0532984 0.0362048 0.0485455
144 Y 2.43279 0.0048142 0.0048142 0.204456 0.0048142 0.0707867 0.0284316 0.00781784 0.00910129 0.0048142 0.0048142 0.0048142 0.0048142 0.0193447 0.0048142 0.0048142 0.0048142 0.0048142 0.0048142 0.121187 0.481104
145 E 4.14417 0.0610453 0.0354719 0.0683026 0.0601004 0.0384705 0.0179484 0.0500945 0.0409059 0.0379047 0.0778556 0.0538135 0.0933206 0.000600911 0.0502098 0.0758127 0.022291 0.0642785 0.0708482 0.0242564 0.0564686
146 K 4.14057 0.0703564 0.0474839 0.0700569 0.0637843 0.0308723 0.0450805 0.0658453 0.0465003 0.0512237 0.0439749 0.0722853 0.0448281 0.000512141 0.036887 0.051931 0.0839472 0.0618371 0.0587054 0.0012845 0.0526038
147 R 4.07989 0.0539616 0.0594972 0.00727511 0.0533726 0.0095143 0.0150274 0.0433096 0.0403285 0.076959 0.0947409 0.0756114 0.0231217 0.00865469 0.0684091 0.0705111 0.0661605 0.0970554 0.0630845 0.0378761 0.0355294
148 V 2.73349 0.140681 0.186234 0.00203493 0.00203493 0.00203493 0.0100585 0.00203493 0.312855 0.00203493 0.0563372 0.00355637 0.00203493 0.0276506 0.00203493 0.00203493 0.018739 0.0132169 0.203087 0.0066762 0.00462893
149 R 4.21607 0.0267379 0.0236928 0.0381896 0.046097 0.0431469 0.0272366 0.05807 0.083389 0.074813 0.0534357 0.0516183 0.0490178 0.0143003 0.0813511 0.0761843 0.0619176 0.0510381 0.0474586 0.0523592 0.0399461
150 A 4.25303 0.0492402 0.0397 0.053351 0.0384488 0.0387126 0.0528861 0.057472 0.067611 0.0516603 0.0597747 0.0303458 0.0474737 0.0279799 0.105615 0.0492494 0.0514864 0.0437324 0.0451425 0.0310244 0.059094
151 Q 3.73643 0.0222992 0.0696126 0.0176334 0.0252637 0.0668566 0.0544321 0.0279371 0.110915 0.0489688 0.0784372 0.06553 0.0861627 0.00206165 0.204994 0.00206165 0.0212735 0.0310581 0.00206165 0.00206165 0.0603801
152 A 3.1655 0.26668 0.0237385 0.00267665 0.00267665 0.0878617 0.0928892 0.00267665 0.016778 0.00267665 0.00267665 0.0216876 0.165382 0.00267665 0.00850178 0.00267665 0.135379 0.106573 0.0289669 0.0241483 0.00267665
153 K 4.10924 0.0978226 0.0515564 0.0971202 0.0730647 0.0370872 0.00457004 0.0378012 0.0765883 0.0554295 0.0464853 0.0658453 0.0725594 0.017537 0.0379972 0.0651211 0.0490389 0.0303664 0.016172 0.0138265 0.0540107
154 K 4.08916 0.067774 0.0487917 0.0655777 0.0576746 0.0142451 0.00476221 0.0431406 0.0354189 0.0663437 0.0661947 0.0421833 0.0490075 0.000664211 0.0706532 0.0745552 0.092275 0.0610668 0.0802961 0.0153693 0.0440064
155 F 3.96126 0.0804045 0.0616523 0.0494896 0.0563422 0.0689869 0.0216888 0.0493694 0.0402698 0.0213454 0.0505694 0.0199689 0.154476 0.00128911 0.0932425 0.0335567 0.056281 0.0114579 0.0651589 0.000690022 0.0637611
156 A 4.20704 0.0647841 0.0491702 0.100319 0.078361 0.0540797 0.0366234 0.0716683 0.0397296 0.0184536 0.0243586 0.0398582 0.0187596 0.0481891 0.06727 0.0647556 0.0492224 0.0552234 0.0415759 0.0363434 0.0412548
157 P 4.28754 0.0610347 0.0412405 0.0486818 0.0507371 0.0504217 0.0415926 0.045014 0.0446347 0.0759622 0.0262736 0.0592603 0.0454477 0.0527348 0.0626752 0.0315877 0.0540349 0.0487849 0.0454132 0.0588216 0.0556467
158 S 4.14632 0.0791338 0.0488987 0.00206158 0.0212545 0.0402398 0.0231533 0.0605962 0.0576095 0.0483356 0.0581505 0.0788795 0.0557512 0.0682012 0.0554804 0.0518293 0.0633077 0.0759453 0.0544812 0.0510023 0.0056885
