# POSITION WT SITE_ENTROPY PI_A PI_C PI_D PI_E PI_F PI_G PI_H PI_I PI_K PI_L PI_M PI_N PI_P PI_Q PI_R PI_S PI_T PI_V PI_W PI_Y
1 M 4.14939 0.05261 0.0605425 0.04799 0.0567709 0.0662585 0.0531676 0.0577034 0.0353278 0.0525577 0.0530437 0.096767 0.0508504 0.04305 0.0446863 0.000967733 0.051632 0.000967733 0.062146 0.0463477 0.0666129
2 S 3.85027 0.0509137 0.0010027 0.0375715 0.0506379 0.10027 0.0505346 0.0704807 0.0447017 0.0119172 0.00924142 0.0010027 0.10027 0.0707346 0.0629349 0.0010027 0.100262 0.0873141 0.10027 0.0479344 0.0010027
3 G 4.23369 0.0638165 0.046303 0.045341 0.0609989 0.0601455 0.0638145 0.0638165 0.0341023 0.0606289 0.0504585 0.0638165 0.0638165 0.0209194 0.0163188 0.01946 0.058547 0.032964 0.0470993 0.0638165 0.0638165
4 I 4.15388 0.0476459 0.0714603 0.0439889 0.0294168 0.0559241 0.0404266 0.0393439 0.116106 0.0301605 0.0602626 0.116112 0.0328459 0.028246 0.0424954 0.0486968 0.0100575 0.0486968 0.055866 0.0422387 0.0400091
5 A 4.21556 0.0603008 0.0540019 0.000603008 0.0589304 0.0515172 0.0603008 0.0603008 0.0600846 0.0603008 0.0595332 0.0603008 0.0472205 0.0278803 0.0576148 0.0290929 0.0603008 0.0345449 0.0603008 0.0365696 0.0603008
6 L 4.25882 0.0553242 0.047998 0.0501807 0.0516407 0.0659515 0.0436058 0.0465245 0.0562876 0.0419541 0.0848935 0.0567183 0.0482405 0.0340894 0.0682991 0.0167555 0.0345921 0.0447241 0.0699673 0.0403719 0.0418811
7 S 4.13189 0.00102981 0.0763421 0.0240143 0.0492988 0.0373379 0.049644 0.0297347 0.0390607 0.0257447 0.0432458 0.0491278 0.102981 0.0359726 0.0510842 0.0552679 0.102974 0.0853072 0.0547726 0.0466129 0.0404462
8 R 4.05399 0.0450723 0.0554766 0.04573 0.046741 0.0359911 0.00186884 0.0422673 0.0501712 0.0418732 0.0461282 0.0514851 0.0564816 0.0323498 0.0586722 0.186879 0.0531771 0.0495223 0.047944 0.00977739 0.0423916
9 L 3.77381 0.0727006 0.126061 0.0128242 0.0171952 0.0401161 0.0358111 0.00173372 0.0413523 0.069492 0.173366 0.114379 0.0237528 0.00173372 0.018389 0.0228984 0.0572805 0.0654984 0.00173372 0.029749 0.0739333
10 A 3.97143 0.0999509 0.000999583 0.0539628 0.000999583 0.0547134 0.0508127 0.0724678 0.0258787 0.0454181 0.0519415 0.0383684 0.0999583 0.00845082 0.0603426 0.00299148 0.078096 0.0862151 0.0866366 0.0278418 0.0539538
11 Q 4.29996 0.0550653 0.0550653 0.0550653 0.0462924 0.0276328 0.0301388 0.0550653 0.0550653 0.0494826 0.0550653 0.0550653 0.0384366 0.048252 0.0550652 0.0550653 0.0507238 0.0550653 0.0550653 0.0482574 0.0550653
12 E 2.98348 0.0035153 0.0035153 0.0226066 0.351465 0.0035153 0.0035153 0.0675791 0.0035153 0.0035153 0.0427506 0.0746793 0.110201 0.0035153 0.187869 0.0035153 0.030553 0.0035153 0.0200314 0.0571115 0.0035153
13 R 2.69537 0.00447477 0.00447477 0.00447477 0.0177791 0.00447477 0.00447477 0.0463366 0.00750859 0.0523345 0.0654215 0.00447477 0.00447477 0.00447477 0.188354 0.447452 0.0772906 0.00447477 0.00447477 0.048301 0.00447477
14 K 3.67483 0.00158871 0.0516054 0.0167427 0.00158871 0.0438456 0.00158871 0.0277681 0.0937896 0.158858 0.0975747 0.0283532 0.0670288 0.00158871 0.0152062 0.158871 0.0212117 0.051867 0.106651 0.022218 0.032054
15 A 4.14644 0.0617976 0.0617976 0.0617976 0.0617976 0.0617976 0.0469452 0.0617976 0.048129 0.0617976 0.0611587 0.0215087 0.0357616 0.000617976 0.0617976 0.0514703 0.0617976 0.0617976 0.0540172 0.000617976 0.0617976
16 W 3.09889 0.0555885 0.0984573 0.0032031 0.0032031 0.211711 0.0032031 0.0183967 0.0102744 0.0335097 0.0535192 0.0032031 0.0032031 0.0032031 0.0278663 0.0032031 0.0474179 0.0259597 0.0032031 0.320286 0.0713888
17 R 2.32652 0.00431934 0.00431934 0.00431934 0.0163118 0.00431934 0.00431934 0.00431934 0.00431934 0.281066 0.00431934 0.0124479 0.00431934 0.0231008 0.00431934 0.431905 0.154859 0.00431934 0.00431934 0.024158 0.00431934
18 K 3.73314 0.0232305 0.0767139 0.00852597 0.0213968 0.0302814 0.0492548 0.0728122 0.0172671 0.134666 0.0105636 0.0513052 0.00468659 0.00134674 0.0836481 0.134674 0.0880269 0.05504 0.127232 0.00134674 0.00798109
19 D 3.90933 0.118105 0.0094492 0.122699 0.122714 0.122714 0.0626256 0.0407026 0.00940876 0.0304961 0.0330404 0.0517764 0.0434362 0.0231236 0.00122714 0.0336496 0.0139434 0.0394693 0.0453844 0.032323 0.0437131
20 H 2.18166 0.00535091 0.00535091 0.0554257 0.00535091 0.00535091 0.00535091 0.535045 0.00535091 0.0373269 0.00747385 0.00535091 0.00535091 0.00535091 0.00535091 0.254977 0.00535091 0.00535091 0.00535091 0.0344551 0.00573425
21 P 3.56567 0.0026371 0.0173059 0.0214554 0.0026371 0.0026371 0.0304705 0.0469958 0.032323 0.0679503 0.0401094 0.0548936 0.0914491 0.263678 0.0393075 0.0026371 0.103178 0.0752662 0.0848636 0.0165367 0.00366837
22 F 3.22168 0.0444503 0.00279329 0.0797973 0.00279329 0.2793 0.038348 0.138137 0.0536739 0.00279329 0.0490008 0.00279329 0.0245568 0.00746912 0.0119734 0.00279329 0.0207962 0.00279329 0.0221391 0.0171461 0.196452
23 G 3.77283 0.0450099 0.0690863 0.00133363 0.0836534 0.0420533 0.133351 0.0398427 0.00555194 0.074268 0.0370467 0.00461432 0.114344 0.00575962 0.0733286 0.0131948 0.112173 0.00133363 0.00557852 0.052828 0.0856488
24 F 3.55084 0.00189239 0.0926527 0.029533 0.0308034 0.189228 0.0649968 0.0331561 0.0449091 0.00189239 0.0274262 0.137563 0.0288241 0.026212 0.00189239 0.00189239 0.00189239 0.0188743 0.0390257 0.0484999 0.178834
25 V 4.08731 0.0560397 0.0521338 0.0619389 0.000848259 0.0654014 0.0198817 0.0567579 0.0848259 0.0534634 0.0580568 0.0663202 0.00831064 0.00806968 0.0792341 0.0848259 0.0459821 0.0318886 0.084822 0.0356757 0.0455232
26 A 3.5943 0.169841 0.0756396 0.00632375 0.00169855 0.123627 0.102348 0.0343174 0.0604683 0.0250766 0.0869202 0.00169855 0.0127454 0.00169855 0.0135138 0.00169855 0.130915 0.0409236 0.00169855 0.0603485 0.0484994
27 V 4.07662 0.0224674 0.0513742 0.000771885 0.0493204 0.0551319 0.0389385 0.0771885 0.0745836 0.0771885 0.0771885 0.0771885 0.0432271 0.0411728 0.00183923 0.0771885 0.0405605 0.00990703 0.0771846 0.0466065 0.0609716
28 P 3.63775 0.130324 0.00166278 0.0366799 0.00166278 0.0336722 0.166278 0.0671233 0.00166278 0.0407972 0.0580546 0.0268447 0.0414298 0.166272 0.0137736 0.0805331 0.030153 0.0597604 0.0399903 0.00166278 0.00166278
29 T 4.21269 0.050495 0.0588311 0.0450857 0.0588311 0.0588311 0.0588311 0.0588311 0.045662 0.0588311 0.0588311 0.0554092 0.0588311 0.0064349 0.0588311 0.0588311 0.0588311 0.0588311 0.0235225 0.00858683 0.0588311
30 K 4.10584 0.0628075 0.00977186 0.0232424 0.0354491 0.0401282 0.055081 0.0612449 0.072936 0.0970481 0.0322762 0.0614952 0.0281496 0.057874 0.0391027 0.0970552 0.0805138 0.0367407 0.0731287 0.00211985 0.0338349
31 N 4.23692 0.0384834 0.0625797 0.0192626 0.0579298 0.0411124 0.0239484 0.0612089 0.0494893 0.0630633 0.0701068 0.0701068 0.0701033 0.0306133 0.052254 0.0454023 0.0573712 0.0369265 0.022945 0.0569861 0.0701068
32 P 4.29146 0.0539155 0.0359937 0.0539155 0.0448532 0.0157295 0.0508801 0.0539155 0.0539155 0.0539155 0.0539155 0.0539155 0.0539155 0.0539143 0.0539155 0.0539155 0.0539155 0.0539155 0.0440977 0.0536295 0.0539155
33 D 3.05679 0.00311978 0.0403541 0.311938 0.14995 0.00311978 0.00635775 0.00311978 0.00688299 0.00311978 0.0206777 0.0409501 0.122802 0.00311978 0.0115655 0.00311978 0.00311978 0.034032 0.00311978 0.126508 0.103023
34 G 4.045 0.0407733 0.049448 0.0745847 0.0712815 0.0108722 0.108017 0.108025 0.0245261 0.0402885 0.0351615 0.0624277 0.0446818 0.0320381 0.108025 0.0728599 0.0315212 0.00892513 0.0169217 0.0451658 0.014456
35 T 2.81594 0.135907 0.00274808 0.00274808 0.00274808 0.00274808 0.110303 0.0805331 0.00274808 0.00274808 0.00274808 0.0295432 0.00274808 0.0298647 0.0234561 0.00274808 0.274808 0.274769 0.00396678 0.00274808 0.0093684
36 M 3.59245 0.00579812 0.0583949 0.0364232 0.0308909 0.0429578 0.0119991 0.0349569 0.0836234 0.0724373 0.166826 0.166809 0.00166826 0.00166826 0.00610544 0.130418 0.0205712 0.00166826 0.0568835 0.00166826 0.068233
37 N 4.25595 0.055436 0.055436 0.055436 0.055436 0.055436 0.055436 0.055436 0.0381852 0.055436 0.0393263 0.0502086 0.055436 0.00347627 0.055436 0.055436 0.055436 0.0545512 0.055436 0.038148 0.055436
38 L 3.38071 0.0574959 0.0643476 0.00192666 0.0063615 0.154292 0.00192666 0.00192666 0.114138 0.00192666 0.192656 0.0642561 0.00192666 0.0684713 0.00192666 0.00192666 0.00192666 0.0357606 0.140685 0.0282839 0.0578386
39 M 4.05256 0.0494031 0.0523709 0.0274311 0.0988749 0.0618723 0.0519774 0.0397166 0.0339704 0.0326953 0.0808054 0.0988685 0.030618 0.0225083 0.000988749 0.0478732 0.000988749 0.0706842 0.0988749 0.0525509 0.0469271
40 N 4.25935 0.0588748 0.0588748 0.0588748 0.0588748 0.0588748 0.0103759 0.0588748 0.0492447 0.0551584 0.056589 0.0572961 0.0588748 0.027152 0.0588748 0.0419019 0.0588748 0.0397367 0.0577996 0.0361719 0.038701
41 W 3.22482 0.020919 0.0169761 0.00321723 0.166328 0.0833063 0.00321723 0.0431157 0.0165326 0.0595088 0.00997516 0.0341126 0.107987 0.00321723 0.0145181 0.00321723 0.0406565 0.00321723 0.0450574 0.321704 0.00321723
42 E 4.21244 0.0645061 0.0434293 0.0645061 0.0645052 0.0533207 0.0564896 0.0315124 0.0462894 0.0645061 0.0515156 0.0583207 0.0152565 0.00344383 0.0445007 0.0510103 0.0566811 0.0645061 0.0645061 0.0366884 0.0645061
43 C 3.82644 0.0700143 0.11646 0.0375465 0.025913 0.0358873 0.108389 0.00116467 0.062364 0.00116467 0.016311 0.0653177 0.0987957 0.0472739 0.00230671 0.00116467 0.0732555 0.116467 0.0712076 0.0332312 0.0157659
44 A 4.15361 0.0708977 0.0136156 0.0284061 0.0708984 0.0540741 0.0708984 0.0708984 0.0624945 0.0708984 0.0606373 0.0708984 0.0400854 0.0208271 0.0594626 0.000708984 0.0388739 0.0425275 0.0405358 0.0414631 0.0708984
45 I 3.5136 0.00240891 0.140895 0.00457432 0.00140895 0.0581494 0.00811205 0.00140895 0.140883 0.00140895 0.0394768 0.140895 0.0128387 0.056395 0.00140895 0.0328186 0.0332147 0.11395 0.140895 0.0338644 0.0349936
46 P 4.12167 0.0825631 0.0862821 0.0227742 0.0377872 0.0215425 0.055182 0.0490456 0.0730952 0.0406602 0.0563961 0.0211909 0.0429529 0.123885 0.0104154 0.0443538 0.0508615 0.0358459 0.0777759 0.0228089 0.0445818
47 G 3.74326 0.0749636 0.0858382 0.00224807 0.00224807 0.0398225 0.224804 0.0389801 0.0312465 0.0987998 0.00224807 0.0602607 0.0458956 0.00224807 0.0407847 0.0176756 0.062341 0.0202239 0.0445196 0.0369933 0.067859
48 K 3.9363 0.0674565 0.0297479 0.0546432 0.0474672 0.000890011 0.0028186 0.0522744 0.0356514 0.0889946 0.0890011 0.0671299 0.0655824 0.0890011 0.0604821 0.0890011 0.00994162 0.081037 0.064708 0.000890011 0.00328201
49 K 4.21272 0.0666827 0.0526068 0.0410322 0.0666827 0.0666827 0.0666827 0.0666827 0.051379 0.0666813 0.023966 0.0424409 0.0666827 0.0144932 0.0483444 0.0666827 0.0106572 0.0350319 0.0621197 0.0415347 0.0429335
50 G 4.05219 0.0633577 0.0438947 0.0222643 0.0726789 0.0713287 0.0726769 0.0726789 0.00709039 0.0726789 0.0535287 0.00205174 0.0726789 0.000726789 0.0569094 0.0726789 0.0726789 0.0163336 0.0355181 0.0455669 0.0726789
51 T 3.11556 0.00176826 0.176826 0.00176826 0.00176826 0.0339582 0.0575857 0.0586435 0.0022629 0.035212 0.00176826 0.00176826 0.0740607 0.00176826 0.176826 0.00176826 0.176826 0.176798 0.00176826 0.00176826 0.0150881
52 P 4.30085 0.0575108 0.0432263 0.0473924 0.0575108 0.0444824 0.0575108 0.0575108 0.0507607 0.0487781 0.0364512 0.0419114 0.0575108 0.0575091 0.0535103 0.0400031 0.0575108 0.0575108 0.0287164 0.050941 0.053742
53 W 2.9532 0.00342958 0.00363397 0.0188009 0.0211542 0.186375 0.00342958 0.00342958 0.00342958 0.00342958 0.0287021 0.0214 0.162023 0.00342958 0.00342958 0.0160237 0.046484 0.00342958 0.0600884 0.34294 0.064938
54 E 3.98447 0.0581894 0.00594107 0.0254287 0.092674 0.0926777 0.0764458 0.0473523 0.0451354 0.0586734 0.00859571 0.0926777 0.0118914 0.000926777 0.0926777 0.0238094 0.087279 0.0693834 0.051144 0.0192366 0.0398607
55 G 4.23913 0.0490883 0.0640247 0.0664609 0.0562119 0.0664609 0.0664592 0.0664609 0.0369772 0.0461397 0.0523622 0.0664609 0.0387733 0.0457099 0.0591565 0.0239711 0.0468862 0.012949 0.0250843 0.0439021 0.0664609
56 G 2.74995 0.0543949 0.106026 0.00457181 0.00457181 0.00457181 0.457172 0.00457181 0.027741 0.00457181 0.00457181 0.144482 0.00457181 0.0535312 0.00908697 0.00457181 0.00907669 0.00457181 0.0428168 0.00457181 0.0499548
57 L 4.17424 0.021947 0.0775125 0.0148817 0.0784259 0.0441838 0.0201112 0.0784259 0.0590038 0.0528448 0.0784212 0.0594229 0.0520368 0.0181092 0.0720891 0.0732043 0.058091 0.0302644 0.0421071 0.0397659 0.0291516
58 F 3.61384 0.0438884 0.0292317 0.045098 0.0341228 0.200747 0.0247611 0.00200756 0.0372306 0.0218742 0.0174407 0.0717774 0.00200756 0.0220637 0.055926 0.0161992 0.00893512 0.0387135 0.115162 0.0120578 0.200756
59 K 4.28604 0.0419706 0.0590944 0.0345315 0.0523785 0.0590944 0.03054 0.0590944 0.0434343 0.0590936 0.0486364 0.0258714 0.0572265 0.0361395 0.0522588 0.0590944 0.0590944 0.0571083 0.0590944 0.0590944 0.0471494
60 L 3.66312 0.107649 0.110709 0.00110709 0.00110709 0.110709 0.0620957 0.0149395 0.110709 0.013327 0.110705 0.110709 0.00110709 0.00110709 0.0126953 0.013932 0.0256768 0.0691121 0.068538 0.00802418 0.0460419
61 R 4.29982 0.0471286 0.0562864 0.0534843 0.0465782 0.0503319 0.0384958 0.0469457 0.0378356 0.0609988 0.0530899 0.0458652 0.0609988 0.0412824 0.0574582 0.0609974 0.060616 0.0609988 0.0468056 0.0330376 0.0407649
62 M 3.57113 0.0944527 0.0885199 0.0142623 0.00136828 0.136828 0.00784612 0.0203159 0.099399 0.023507 0.0764576 0.136821 0.00136828 0.00890638 0.0122431 0.00136828 0.0106616 0.0751503 0.136828 0.00136828 0.052328
63 L 4.14612 0.0534477 0.0219444 0.0612862 0.0612862 0.0612862 0.0612862 0.0612862 0.0589023 0.0612862 0.0612856 0.0612862 0.0526993 0.000612862 0.0612862 0.0612862 0.0612862 0.0350269 0.0612862 0.000612862 0.0413203
64 F 3.71248 0.0628566 0.0559783 0.116597 0.0276233 0.116595 0.00583743 0.00560458 0.0824015 0.00116597 0.0915536 0.116597 0.0306535 0.0160645 0.0228562 0.00116597 0.00116597 0.0115562 0.116597 0.0303506 0.0867807
65 K 4.14802 0.0131931 0.0635824 0.0115402 0.0635824 0.0326642 0.0558141 0.0635824 0.0635824 0.0635817 0.0635824 0.0635824 0.0635824 0.0571185 0.0635824 0.0635824 0.0635824 0.0635824 0.0248882 0.000635824 0.0411573
66 D 4.22739 0.0581283 0.0645349 0.0645334 0.0640666 0.0445017 0.0523617 0.0645349 0.0460211 0.0426161 0.0645349 0.0549148 0.0521715 0.0615907 0.0589861 0.00366902 0.0460635 0.0645349 0.0313156 0.0280132 0.0329073
67 D 4.1954 0.0665806 0.0654998 0.0665793 0.0665806 0.0665806 0.0665806 0.0665806 0.0137128 0.0294407 0.0216517 0.0665806 0.0642924 0.0512771 0.0508359 0.0307634 0.0665806 0.0538208 0.0472233 0.0149609 0.0238778
68 Y 3.24043 0.0269843 0.0369434 0.00262246 0.00262246 0.167204 0.00262246 0.113935 0.00262246 0.00262246 0.00262246 0.0857927 0.00262246 0.00262246 0.00262246 0.0820941 0.0245672 0.0660158 0.0248868 0.0857549 0.26222
69 P 2.70699 0.0545091 0.0247233 0.00894771 0.00473144 0.0489275 0.00473144 0.00473144 0.00473144 0.121928 0.00473144 0.00473144 0.00473144 0.473118 0.00473144 0.00473144 0.00473144 0.0385028 0.0624529 0.114845 0.00473144
70 S 4.21949 0.0628283 0.0628283 0.0150451 0.0446013 0.0428059 0.0628283 0.0628283 0.0628283 0.0222132 0.0628283 0.0502435 0.0628283 0.00899137 0.0617555 0.0396644 0.0628278 0.0628283 0.0440106 0.0443723 0.0608423
71 S 4.19335 0.0676608 0.0552443 0.0676608 0.0676608 0.0238426 0.0676608 0.0676608 0.0336072 0.0634538 0.0197404 0.0223121 0.0518143 0.0209776 0.0673924 0.0366864 0.0676608 0.0608839 0.014571 0.0676608 0.0558479
72 P 3.45174 0.145174 0.119007 0.00653042 0.0136194 0.00145174 0.0369758 0.0176048 0.00145174 0.0197579 0.00145174 0.00145174 0.144346 0.14517 0.0920719 0.0356185 0.117981 0.0249453 0.0701424 0.0037959 0.00145174
73 P 3.19397 0.148384 0.118258 0.00148384 0.00148384 0.00760656 0.00148384 0.00148384 0.0770995 0.00148384 0.0337473 0.148384 0.00148384 0.148378 0.00148384 0.0049344 0.0330064 0.118121 0.148384 0.00148384 0.00182613
74 K 4.24468 0.0537832 0.0537832 0.0537832 0.0537832 0.0537832 0.0537832 0.0537832 0.0537832 0.0537832 0.0537832 0.0537832 0.0537832 0.031364 0.0537832 0.0537832 0.0537832 0.0537832 0.0537832 0.000537832 0.0537832
75 C 3.78364 0.0685024 0.0884132 0.00474277 0.00171462 0.0884134 0.086763 0.00488076 0.0884134 0.000884134 0.0884134 0.0830621 0.0249929 0.0884134 0.000884134 0.0204117 0.0884134 0.0561015 0.0884134 0.0247353 0.00343142
76 K 4.25198 0.0528145 0.0488105 0.0528145 0.0528145 0.0528145 0.0528145 0.0528145 0.0528145 0.0528145 0.0528145 0.0528145 0.0528145 0.000528145 0.0528145 0.0528145 0.0528145 0.0528145 0.0528145 0.0528145 0.0528145
77 F 2.4323 0.00508399 0.011495 0.00508399 0.0209556 0.508381 0.00508399 0.00508399 0.0216578 0.00508399 0.170438 0.0635525 0.00508399 0.00508399 0.00508399 0.00508399 0.00508399 0.126501 0.00508399 0.00508399 0.0160109
78 E 4.22731 0.0543332 0.024492 0.0598065 0.0598065 0.0517127 0.0598065 0.0598065 0.0462954 0.0598065 0.0466433 0.0598065 0.0598065 0.0014703 0.0564652 0.0598065 0.0523407 0.0461199 0.0598065 0.0523803 0.0294889
79 P 4.32191 0.0500619 0.0500619 0.0500619 0.0500619 0.0500619 0.0500619 0.0500619 0.0500619 0.0500619 0.0488245 0.0500619 0.0500619 0.0500619 0.0500619 0.0500619 0.0500619 0.0500619 0.0500619 0.0500619 0.0500619
80 P 4.25614 0.0598204 0.0159593 0.0598204 0.050713 0.0593134 0.0598204 0.0598204 0.0255154 0.0495979 0.0329863 0.0598204 0.0598204 0.0598196 0.0421513 0.0530677 0.0486742 0.0598204 0.0238186 0.0598204 0.0598204
81 L 3.02171 0.0491592 0.033184 0.00202549 0.00202549 0.0687438 0.00995103 0.00202549 0.202549 0.00629038 0.202544 0.168093 0.00202549 0.0248347 0.00202549 0.0109084 0.00532393 0.0112925 0.192947 0.00202549 0.00202549
82 F 3.14688 0.0125581 0.0273873 0.00304095 0.0356294 0.304081 0.0264491 0.0923291 0.0215341 0.00304095 0.0803688 0.0546489 0.00304095 0.00304095 0.00304095 0.00304095 0.00304095 0.0404228 0.00512303 0.213574 0.0646078
83 H 1.98987 0.00690644 0.00690644 0.0424348 0.00690644 0.0379433 0.00690644 0.690608 0.0176732 0.0908629 0.0111623 0.00690644 0.00690644 0.00690644 0.00690644 0.00690644 0.00690644 0.00690644 0.0101012 0.016337 0.00690644
84 P 3.65576 0.10175 0.0705554 0.0526599 0.00102089 0.00102089 0.00366826 0.00102089 0.102089 0.00102089 0.102089 0.102089 0.067875 0.102082 0.042121 0.00102089 0.00674048 0.0772536 0.102089 0.0057963 0.0560371
85 N 3.0596 0.0858855 0.121236 0.00305934 0.0442874 0.0595771 0.00305934 0.00305934 0.00305934 0.00305934 0.00305934 0.0403023 0.305912 0.00305934 0.00305934 0.0157797 0.200379 0.00305934 0.0465195 0.0495268 0.00305934
86 V 3.37387 0.094728 0.126284 0.0182635 0.00169302 0.0539782 0.00169302 0.00799279 0.0819474 0.0709734 0.0235794 0.169302 0.00399838 0.00169302 0.00214415 0.00169302 0.11623 0.00169302 0.16929 0.00169302 0.0511299
87 Y 2.99834 0.00297608 0.00297608 0.00297608 0.025409 0.297608 0.0130833 0.0478711 0.0411529 0.0120217 0.0365364 0.0832402 0.00297608 0.00297608 0.0193601 0.00297608 0.00297608 0.0426819 0.0307125 0.0319087 0.297581
88 P 4.28942 0.054011 0.054011 0.054011 0.054011 0.054011 0.054011 0.054011 0.054011 0.0502803 0.054011 0.054011 0.0360186 0.0540098 0.054011 0.054011 0.054011 0.054011 0.0320608 0.017466 0.054011
89 S 4.28215 0.0564833 0.0564833 0.0564833 0.0564833 0.0564833 0.0564833 0.0564833 0.0564833 0.0502461 0.0383894 0.0564833 0.0244858 0.0448076 0.0564833 0.0514227 0.0564833 0.0564833 0.0223707 0.0339949 0.0564833
90 G 2.89581 0.0562262 0.101494 0.00298316 0.00298316 0.00298316 0.298309 0.00298316 0.0276255 0.00298316 0.00298316 0.064799 0.00298316 0.0874628 0.00298316 0.00298316 0.0178078 0.00298316 0.0494177 0.00298316 0.264044
91 T 4.2639 0.0562369 0.0562369 0.0223751 0.0562369 0.0562369 0.0562369 0.0562369 0.0562369 0.0109113 0.0562369 0.0465922 0.0499328 0.0562369 0.0562369 0.0344097 0.0562369 0.0562369 0.0562369 0.0484628 0.0562369
92 V 3.46765 0.119739 0.0929206 0.0480475 0.00167046 0.0380602 0.00167046 0.00267669 0.0611374 0.00167046 0.167046 0.00167046 0.00167046 0.074516 0.00167046 0.00167046 0.087817 0.0640548 0.167039 0.0174038 0.0478494
93 C 3.48824 0.0985878 0.257859 0.0279734 0.0543008 0.0891179 0.00366994 0.0381004 0.0677906 0.0151926 0.0622645 0.0702968 0.0791678 0.0025787 0.0303771 0.0025787 0.0025787 0.0025787 0.0898287 0.0025787 0.0025787
94 L 3.57414 0.0729413 0.0871652 0.00985655 0.0263681 0.112257 0.00157432 0.0150358 0.0981035 0.00157432 0.157432 0.0478311 0.0267058 0.00157432 0.00157432 0.00157432 0.0674988 0.0108261 0.157432 0.0243551 0.0783196
95 S 3.08686 0.0236404 0.0578381 0.00244208 0.0309164 0.00244208 0.00244208 0.00244208 0.0401195 0.023364 0.0154062 0.00244208 0.244208 0.00244208 0.00604153 0.00244208 0.244175 0.158984 0.00389688 0.076204 0.0581109
96 I 3.82737 0.00117558 0.0780627 0.0372108 0.00117558 0.0139603 0.0306827 0.0248955 0.117552 0.00978221 0.0752528 0.0667452 0.0325819 0.00117558 0.0268604 0.0674116 0.105071 0.117558 0.117558 0.0426347 0.0326544
97 L 4.27858 0.0537781 0.0594191 0.0471431 0.0521701 0.0255887 0.0488126 0.0594191 0.0594191 0.0461353 0.0594191 0.0582656 0.0561673 0.049803 0.053722 0.0510091 0.0453778 0.0594191 0.0594191 0.0383246 0.0171881
98 E 4.2827 0.0566128 0.022844 0.0566128 0.0566128 0.0566128 0.0566128 0.0566128 0.0566128 0.0566128 0.0485818 0.0566128 0.0566128 0.0473993 0.0566128 0.0242797 0.0566128 0.0324675 0.0446811 0.0437807 0.0566128
99 E 4.2565 0.0571269 0.0482153 0.0597405 0.0597405 0.0489918 0.0597405 0.0274856 0.0531234 0.051657 0.055495 0.0597405 0.0597405 0.0529996 0.0597405 0.0453773 0.0553361 0.00933484 0.0499086 0.0267655 0.0597405
100 D 4.27135 0.0561347 0.014215 0.0561347 0.0280495 0.0561347 0.0561347 0.0561347 0.0561347 0.0561347 0.0561347 0.0561347 0.0561347 0.0473141 0.0561347 0.0277279 0.0561347 0.0521973 0.0561347 0.0446109 0.0561347
101 K 4.27995 0.0579027 0.0579027 0.0579027 0.0579027 0.0489817 0.0380187 0.0579027 0.0332173 0.0579027 0.0579027 0.0295241 0.0579027 0.0313478 0.0392513 0.0579027 0.0579027 0.0579027 0.0579027 0.026924 0.0579027
102 D 3.97126 0.0827017 0.0723168 0.0826976 0.0633859 0.0440666 0.0827017 0.0827017 0.0207594 0.0360132 0.00603819 0.0827017 0.0532872 0.000827017 0.000827017 0.000827017 0.0827017 0.0496389 0.0453869 0.0611327 0.049287
103 W 2.41706 0.00293571 0.00293571 0.00293571 0.00293571 0.236702 0.00293571 0.0814565 0.0038629 0.00293571 0.00293571 0.04976 0.00293571 0.00293571 0.00293571 0.00293571 0.00293571 0.00293571 0.00293571 0.293548 0.293571
104 R 3.32567 0.131057 0.147944 0.0467614 0.0365287 0.00169384 0.0141376 0.00169384 0.00169384 0.147321 0.00814864 0.00472284 0.00169384 0.00169384 0.0216594 0.169363 0.135737 0.0868343 0.02613 0.0134922 0.00169384
105 P 3.44879 0.136129 0.136129 0.00136129 0.0756952 0.00136129 0.108101 0.00136129 0.0526559 0.00136129 0.00136129 0.0888041 0.00136129 0.136121 0.00206505 0.0271457 0.114357 0.042992 0.0624087 0.00588631 0.00334277
106 A 3.31649 0.143001 0.103376 0.0077132 0.0190058 0.00143017 0.126656 0.00143017 0.0605989 0.00143017 0.0493572 0.00143017 0.00143017 0.0232938 0.0265044 0.00143017 0.143017 0.143017 0.143017 0.00143017 0.00143017
107 I 4.08452 0.0678694 0.0678694 0.0539197 0.0559623 0.0571984 0.0665197 0.0596176 0.0678694 0.0149593 0.0678694 0.0678694 0.0678694 0.00122005 0.0639767 0.0173215 0.0678694 0.0475273 0.0678694 0.000678694 0.0181432
108 T 4.31698 0.0516222 0.0516222 0.0371048 0.0516222 0.0516222 0.0416041 0.0516222 0.0516222 0.0516222 0.0516222 0.0516222 0.0516222 0.0437135 0.0516222 0.0516222 0.0516222 0.0516222 0.0516222 0.0516222 0.0516222
109 I 3.53533 0.139665 0.0453768 0.00304177 0.00140173 0.0629065 0.0261843 0.00968999 0.140166 0.00140173 0.125339 0.131759 0.00140173 0.0112639 0.0215903 0.0127327 0.0152083 0.0440694 0.124876 0.0772289 0.00469609
110 K 4.02452 0.0108694 0.0373451 0.0446098 0.037992 0.0139618 0.0233646 0.0725927 0.0458256 0.122281 0.0308333 0.033254 0.0689918 0.0831996 0.0677983 0.122293 0.0420082 0.0243439 0.0858406 0.0119617 0.0206341
111 Q 4.32193 0.05 0.05 0.05 0.05 0.05 0.05 0.05 0.05 0.05 0.05 0.05 0.05 0.05 0.05 0.05 0.05 0.05 0.05 0.05 0.05
112 I 3.91813 0.0509426 0.0767982 0.0173287 0.00817256 0.0814784 0.0187666 0.0814784 0.0814783 0.0371444 0.0814784 0.0814784 0.0814784 0.000814784 0.0814784 0.0214743 0.0307093 0.0814784 0.0814784 0.00372848 0.000814784
113 L 3.64048 0.111685 0.111685 0.00111685 0.00111685 0.0329363 0.0106225 0.00111685 0.111685 0.00111685 0.111683 0.0951192 0.016748 0.0253319 0.0249486 0.00593825 0.090934 0.0963748 0.0994823 0.00770951 0.0426496
114 L 4.31284 0.053101 0.053101 0.0347979 0.0452459 0.0505712 0.049052 0.0479365 0.0507063 0.0487771 0.0531005 0.053101 0.053101 0.053101 0.053101 0.0357011 0.053101 0.053101 0.053101 0.053101 0.053101
115 G 2.5458 0.11954 0.132678 0.00486994 0.00676094 0.00486994 0.486978 0.00486994 0.00486994 0.00486994 0.00486994 0.0108811 0.00486994 0.0390463 0.00486994 0.00486994 0.0460874 0.00486994 0.00486994 0.00486994 0.0995896
116 I 3.79427 0.0940322 0.0940322 0.0375598 0.0171851 0.0375962 0.0156139 0.0806646 0.0940309 0.000940322 0.0940322 0.0940322 0.000940322 0.000940322 0.0268588 0.0258124 0.0792383 0.0940322 0.0940322 0.000940322 0.0174859
117 Q 4.23244 0.0688273 0.0688273 0.0277377 0.0431239 0.0688273 0.0687517 0.0688273 0.0251024 0.0334182 0.0421278 0.0346121 0.0488028 0.036755 0.0688245 0.0627395 0.0624346 0.0688273 0.0208717 0.0322101 0.0483516
118 E 4.26125 0.0409786 0.0461897 0.0645298 0.0645289 0.0645298 0.0476966 0.0627078 0.0485231 0.0562019 0.0536371 0.0485351 0.0645298 0.0113529 0.0446799 0.0577788 0.030657 0.0449244 0.0573089 0.0338166 0.0568933
119 L 3.36252 0.00161005 0.0324776 0.0156278 0.0266576 0.161005 0.00187631 0.0672804 0.0240432 0.00161005 0.160997 0.12755 0.0109504 0.00161005 0.00161005 0.00161005 0.0327164 0.00161005 0.0556675 0.112486 0.161005
120 L 3.42821 0.051945 0.0417501 0.00210941 0.00210941 0.0661334 0.0116091 0.00210941 0.0918912 0.00210941 0.210935 0.186497 0.00210941 0.00210941 0.039911 0.00602595 0.00520255 0.0740116 0.0544504 0.0622888 0.0846931
121 N 4.22321 0.0577543 0.0546058 0.0646988 0.0646988 0.00753127 0.0388394 0.0427471 0.0452193 0.0509385 0.0169212 0.0646988 0.0646968 0.0293127 0.0646988 0.0592722 0.0631033 0.0631518 0.0646988 0.0402709 0.0421418
122 E 4.22399 0.0599672 0.0611823 0.0611823 0.0611823 0.0511403 0.0346058 0.0487641 0.0367369 0.0345352 0.0456961 0.0611823 0.0611823 0.000611823 0.0611823 0.0512546 0.0558283 0.0611823 0.0611823 0.0346416 0.0567597
123 P 2.50021 0.108069 0.049418 0.00459007 0.00459007 0.00459007 0.00459007 0.00459007 0.0597691 0.00459007 0.00459007 0.00459007 0.00459007 0.458994 0.00459007 0.00459007 0.00459007 0.00459007 0.212931 0.00459007 0.0465579
124 N 3.30601 0.0441163 0.17096 0.00180239 0.00180239 0.097404 0.0540498 0.112935 0.0093497 0.00180239 0.00180239 0.0113552 0.180218 0.0111537 0.00180239 0.0062021 0.0479313 0.00180239 0.00180239 0.117484 0.124224
125 I 3.90104 0.0511938 0.0966909 0.0239561 0.0248913 0.0785105 0.00109851 0.0026906 0.109845 0.0106723 0.0803751 0.0641394 0.0555349 0.0464651 0.0362013 0.00651635 0.0594474 0.0675017 0.0961851 0.0868438 0.00124116
126 Q 4.2853 0.0545227 0.0573137 0.045467 0.0573137 0.0354838 0.0519202 0.0457503 0.0573137 0.0573137 0.0470149 0.0512813 0.0468842 0.0149342 0.0573137 0.0573137 0.0573137 0.0573137 0.0573137 0.0481751 0.042743
127 D 3.08687 0.0455339 0.00186124 0.1861 0.158767 0.0144267 0.144366 0.00795155 0.00186124 0.00186124 0.00186124 0.00186124 0.0550561 0.00186124 0.00186124 0.00186124 0.128338 0.0570858 0.00186124 0.00186124 0.183762
128 P 3.44289 0.145712 0.0721558 0.013113 0.00772236 0.00145712 0.145712 0.00145712 0.0199655 0.0230461 0.00145712 0.00856553 0.00854648 0.145704 0.028439 0.120838 0.145712 0.0701751 0.00145712 0.0155356 0.0232303
129 A 2.75552 0.462505 0.11291 0.0315685 0.0046253 0.0046253 0.0413438 0.0324484 0.0046253 0.0046253 0.0046253 0.0046253 0.0679962 0.0123714 0.0046253 0.0046253 0.0905813 0.0046253 0.0046253 0.0046253 0.0973969
130 Q 3.98415 0.0914963 0.042175 0.0317719 0.043237 0.037468 0.000914963 0.0735303 0.043596 0.00484881 0.0914963 0.0471325 0.0914963 0.000914963 0.0914894 0.0743893 0.0517155 0.0481939 0.0144869 0.0914963 0.0281505
131 A 4.07047 0.0708905 0.0708917 0.0390298 0.0495449 0.00321576 0.0708917 0.0708917 0.00801543 0.055683 0.0573883 0.0202623 0.0708917 0.054023 0.0708917 0.0177179 0.0708917 0.0708917 0.0708917 0.000708917 0.0563865
132 E 4.21174 0.0664897 0.0542047 0.0900518 0.0900481 0.0250306 0.0685865 0.0580687 0.0227336 0.0330255 0.0594972 0.056651 0.0485049 0.0313849 0.0560443 0.05025 0.0446759 0.0494631 0.0453966 0.0174053 0.0324877
133 A 3.45353 0.178413 0.117997 0.0117632 0.00178423 0.0475592 0.0680612 0.0237898 0.0134218 0.0149222 0.0768073 0.00178423 0.00178423 0.159566 0.00554861 0.0122043 0.167566 0.0252805 0.0332823 0.00178423 0.036681
134 Y 3.91728 0.111136 0.0574111 0.0290398 0.0388387 0.0777687 0.0185146 0.0223827 0.0489956 0.0144532 0.0172188 0.0922596 0.0252049 0.0189879 0.0251014 0.00137052 0.123907 0.0263093 0.0656913 0.0483687 0.13704
135 T 4.17231 0.0682783 0.0682783 0.0303464 0.0629071 0.0584115 0.020037 0.0109615 0.0625516 0.0204977 0.0682783 0.0457998 0.0308868 0.0124951 0.0663388 0.0682783 0.061109 0.068277 0.0682783 0.0682783 0.0397108
136 I 4.10402 0.0665032 0.0478551 0.0558752 0.0685979 0.0724205 0.000724205 0.0315743 0.0724181 0.0339375 0.0561737 0.0618326 0.0279473 0.000724205 0.0724205 0.017344 0.0724205 0.0481327 0.0591897 0.0724205 0.0614882
137 Y 3.0491 0.00252135 0.018843 0.00252135 0.00252135 0.152732 0.00252135 0.0181639 0.070891 0.063913 0.0798918 0.227996 0.00252135 0.00252135 0.0529306 0.00252135 0.00252135 0.0373052 0.00252135 0.00252135 0.25212
138 C 4.12176 0.0654861 0.0696544 0.0422054 0.0696553 0.0369326 0.0352508 0.0384407 0.0696553 0.0696553 0.0281481 0.0594893 0.0696553 0.000696553 0.0582369 0.0696553 0.0696553 0.0696553 0.0386124 0.0385629 0.000696553
139 Q 4.20565 0.0528451 0.0521818 0.0677515 0.0677515 0.0304304 0.0273881 0.0614908 0.0308306 0.0513001 0.0575697 0.0654301 0.0578219 0.0232044 0.0677503 0.0677515 0.0291302 0.0677515 0.00667273 0.0471963 0.0677515
140 N 3.80847 0.101701 0.0123407 0.101701 0.0987065 0.0606121 0.00551772 0.0706184 0.00101701 0.0409727 0.00101701 0.0192519 0.101696 0.0284655 0.101701 0.07279 0.0866313 0.0080055 0.00101701 0.0398267 0.0464114
141 R 4.23294 0.0497148 0.0577895 0.0351142 0.00494738 0.0591694 0.0365195 0.0630698 0.0608483 0.0508155 0.0460471 0.0630698 0.0630698 0.0630698 0.0630698 0.0630684 0.0319568 0.0600684 0.0516171 0.0263438 0.0506308
142 V 4.32023 0.0505374 0.0505374 0.0505374 0.0505374 0.0505374 0.0505374 0.0505374 0.0505374 0.0505374 0.0505374 0.0505374 0.0505374 0.0505374 0.0505374 0.0505374 0.0505374 0.0505374 0.0505374 0.039789 0.0505374
143 E 4.23195 0.0686156 0.059733 0.0608178 0.0686135 0.0263905 0.0503374 0.0513836 0.0389527 0.0554231 0.0521917 0.0686156 0.0652611 0.0140623 0.0615923 0.0195715 0.0686156 0.030937 0.052515 0.0374417 0.0489287
144 Y 2.41102 0.00466173 0.00466173 0.227183 0.00466173 0.0651248 0.0295794 0.00466173 0.00516174 0.00466173 0.00466173 0.00466173 0.00466173 0.0226802 0.00466173 0.00466173 0.00466173 0.00466173 0.00466173 0.123502 0.466166
145 E 4.17096 0.0667888 0.0375113 0.0667888 0.0667888 0.0418008 0.0172863 0.055678 0.0444334 0.0418342 0.0667888 0.0594593 0.0667888 0.000667888 0.0551008 0.0667888 0.0220011 0.0667888 0.0667888 0.0261249 0.0637919
146 K 4.16642 0.0597915 0.0540366 0.0597915 0.0597915 0.0338754 0.0562248 0.0597915 0.0539093 0.0597915 0.0503317 0.0597915 0.0513067 0.000597915 0.0415747 0.0596301 0.0597915 0.0597915 0.0597915 0.000597915 0.0597915
147 R 4.04158 0.0612888 0.0669715 0.000767177 0.0590506 0.00495576 0.0144383 0.0449245 0.0418116 0.0767177 0.0767177 0.0767177 0.0197545 0.00566393 0.0741473 0.0767156 0.0746404 0.0767177 0.0706468 0.0408267 0.0365258
148 V 2.75187 0.16161 0.224053 0.00229267 0.00229267 0.00229267 0.0109997 0.00229267 0.229267 0.00229267 0.0617269 0.00229267 0.00229267 0.0315865 0.00229267 0.00229267 0.0105978 0.0110894 0.229257 0.0068872 0.00229267
149 R 4.20488 0.0223993 0.0189874 0.0391938 0.0473091 0.0459269 0.0265809 0.0605451 0.0783704 0.0782641 0.0532034 0.0518585 0.0506454 0.0133643 0.0783704 0.0783664 0.0631901 0.0511515 0.0469197 0.0558138 0.0395396
150 A 4.30195 0.0557858 0.044511 0.0557858 0.0426485 0.0433602 0.0557858 0.0557858 0.0557858 0.0557858 0.0557858 0.0342086 0.0535409 0.0325584 0.0557858 0.0557858 0.0557858 0.0493648 0.0512117 0.034952 0.0557858
151 Q 3.65217 0.00910061 0.0722091 0.0134699 0.0203596 0.0693503 0.0577327 0.0268236 0.121989 0.0507953 0.0779656 0.0679741 0.0855612 0.00213854 0.213828 0.00213854 0.0148586 0.0260189 0.00213854 0.00213854 0.0634095
152 A 3.13649 0.258935 0.0148737 0.00258956 0.00258956 0.0879162 0.0946293 0.00258956 0.0159971 0.00258956 0.00258956 0.0240143 0.174841 0.00258956 0.00608292 0.00258956 0.135536 0.113694 0.0286041 0.0241594 0.00258956
153 K 4.14251 0.0677344 0.0629614 0.0677344 0.0677344 0.0452914 0.000677344 0.0409675 0.0677344 0.0677335 0.0563095 0.0677344 0.0677344 0.0214164 0.045111 0.0677344 0.0567895 0.0337584 0.0114017 0.017483 0.0659585
154 K 4.08572 0.0712618 0.0523476 0.0709722 0.0602949 0.0110537 0.00181476 0.0440232 0.0347934 0.07126 0.0712618 0.0444685 0.0505153 0.000712618 0.0712618 0.0712618 0.0712618 0.0658518 0.0712618 0.0171171 0.0472041
155 F 4.02498 0.0794442 0.072742 0.0569788 0.0648685 0.0794438 0.0244479 0.0557604 0.0464018 0.0219807 0.0575266 0.0177525 0.0794442 0.000794442 0.0794442 0.0386348 0.0649904 0.00675088 0.0764422 0.000794442 0.0753573
156 A 4.21577 0.0703316 0.0530881 0.0703326 0.0703326 0.0601718 0.0377695 0.0703326 0.0431039 0.0147354 0.0243345 0.0425966 0.0134397 0.0528033 0.0703326 0.0703326 0.0526784 0.0593049 0.0439086 0.0409859 0.0390847
157 P 4.30081 0.0564308 0.044779 0.0515458 0.0542083 0.0541791 0.0427562 0.0473724 0.0476884 0.0564308 0.0276251 0.0564308 0.0464525 0.0564289 0.0564308 0.0314682 0.0564308 0.0519601 0.0485202 0.0564308 0.0564308
158 S 4.12223 0.0671309 0.0517743 0.000671309 0.018436 0.0426058 0.020989 0.0641597 0.0627596 0.051178 0.0623412 0.0671309 0.0590297 0.0671309 0.058743 0.0564873 0.0671287 0.0671309 0.0593034 0.055198 0.000671309
