# POSITION WT SITE_ENTROPY PI_A PI_C PI_D PI_E PI_F PI_G PI_H PI_I PI_K PI_L PI_M PI_N PI_P PI_Q PI_R PI_S PI_T PI_V PI_W PI_Y
1 M 4.14939 0.05261 0.0605425 0.04799 0.0567709 0.0662585 0.0531676 0.0577034 0.0353278 0.0525577 0.0530437 0.096767 0.0508504 0.04305 0.0446863 0.000967733 0.051632 0.000967733 0.062146 0.0463477 0.0666129
2 S 3.79288 0.0466462 0.000918657 0.0344224 0.0463936 0.107854 0.0462989 0.0645732 0.0409549 0.0109183 0.00846683 0.000918657 0.128291 0.0648058 0.0576598 0.000918657 0.0918583 0.0799957 0.12327 0.0439166 0.000918657
3 G 4.19245 0.0688448 0.0424757 0.0415932 0.0559568 0.055174 0.0585397 0.0694113 0.0312834 0.0556174 0.0462877 0.103807 0.0686194 0.0191903 0.0149699 0.0178515 0.0537076 0.0302392 0.0432062 0.0591168 0.0641079
4 I 4.13884 0.0470057 0.0705002 0.0433979 0.0290215 0.0551727 0.0398834 0.0388153 0.114546 0.0297553 0.0594529 0.127988 0.0324046 0.0278665 0.0419245 0.0480425 0.00992234 0.0480426 0.0551154 0.0416712 0.0394715
5 A 4.06485 0.0490157 0.0438924 0.000490121 0.0478983 0.0418729 0.0646598 0.17285 0.0488364 0.0500508 0.0483882 0.0533446 0.0383806 0.022661 0.046829 0.0236466 0.0560937 0.0280779 0.0602964 0.0297236 0.0729925
6 L 4.25882 0.0553242 0.047998 0.0501807 0.0516407 0.0659515 0.0436058 0.0465245 0.0562876 0.0419541 0.0848935 0.0567183 0.0482405 0.0340894 0.0682991 0.0167555 0.0345921 0.0447241 0.0699673 0.0403719 0.0418811
7 S 4.09 0.000989724 0.0733702 0.0230795 0.0473796 0.0358844 0.0477115 0.0285772 0.0375401 0.0247425 0.0415623 0.0472153 0.137901 0.0345722 0.0490956 0.0531164 0.0989658 0.0819863 0.0526404 0.0447983 0.0388717
8 R 4.05399 0.0450723 0.0554766 0.04573 0.046741 0.0359911 0.00186884 0.0422673 0.0501712 0.0418732 0.0461282 0.0514851 0.0564816 0.0323498 0.0586722 0.186879 0.0531771 0.0495223 0.047944 0.00977739 0.0423916
9 L 3.77381 0.0727006 0.126061 0.0128242 0.0171952 0.0401161 0.0358111 0.00173372 0.0413523 0.069492 0.173366 0.114379 0.0237528 0.00173372 0.018389 0.0228984 0.0572805 0.0654984 0.00173372 0.029749 0.0739333
10 A 3.95091 0.0974008 0.000974081 0.052586 0.000974081 0.0533174 0.0495163 0.0706189 0.0252185 0.0442593 0.0506163 0.0373895 0.122922 0.00823521 0.0588031 0.00291516 0.0761035 0.0840155 0.0844262 0.0271315 0.0525773
11 Q 4.27087 0.0750925 0.068195 0.0504073 0.040558 0.0242098 0.0264054 0.0493664 0.0616621 0.043353 0.0544224 0.0589869 0.0336753 0.0422749 0.0482441 0.0590534 0.0444404 0.0656626 0.0538412 0.0422796 0.0578697
12 E 2.98348 0.0035153 0.0035153 0.0226066 0.351465 0.0035153 0.0035153 0.0675791 0.0035153 0.0035153 0.0427506 0.0746793 0.110201 0.0035153 0.187869 0.0035153 0.030553 0.0035153 0.0200314 0.0571115 0.0035153
13 R 2.69537 0.00447477 0.00447477 0.00447477 0.0177791 0.00447477 0.00447477 0.0463366 0.00750859 0.0523345 0.0654215 0.00447477 0.00447477 0.00447477 0.188354 0.447452 0.0772906 0.00447477 0.00447477 0.048301 0.00447477
14 K 3.53781 0.00142883 0.0464122 0.0150578 0.00142883 0.0394333 0.00142883 0.0249737 0.0843513 0.142871 0.0877554 0.0254999 0.0602835 0.00142883 0.013676 0.243517 0.0190771 0.0466474 0.0959188 0.0199822 0.0288283
15 A 4.07982 0.051136 0.0548351 0.0831453 0.0532842 0.0512247 0.0388457 0.0658615 0.0398252 0.0770634 0.0506068 0.0177977 0.0295916 0.000511355 0.0746829 0.04259 0.0560828 0.0569593 0.0446975 0.000511355 0.110748
16 W 3.09889 0.0555885 0.0984573 0.0032031 0.0032031 0.211711 0.0032031 0.0183967 0.0102744 0.0335097 0.0535192 0.0032031 0.0032031 0.0032031 0.0278663 0.0032031 0.0474179 0.0259597 0.0032031 0.320286 0.0713888
17 R 2.32652 0.00431934 0.00431934 0.00431934 0.0163118 0.00431934 0.00431934 0.00431934 0.00431934 0.281066 0.00431934 0.0124479 0.00431934 0.0231008 0.00431934 0.431905 0.154859 0.00431934 0.00431934 0.024158 0.00431934
18 K 3.69738 0.0223975 0.0739629 0.00822022 0.0206295 0.0291955 0.0474885 0.070201 0.0166479 0.129837 0.0101848 0.0494654 0.00451853 0.00129845 0.0806483 0.165706 0.0848701 0.0530662 0.122669 0.00129845 0.00769488
19 D 3.87146 0.113814 0.0091059 0.118242 0.15308 0.119761 0.0603504 0.0392239 0.00906694 0.0293882 0.03184 0.0498953 0.0418582 0.0222835 0.00118255 0.0324271 0.0134368 0.0380354 0.0437355 0.0311487 0.042125
20 H 2.18166 0.00535091 0.00535091 0.0554257 0.00535091 0.00535091 0.00535091 0.535045 0.00535091 0.0373269 0.00747385 0.00535091 0.00535091 0.00535091 0.00535091 0.254977 0.00535091 0.00535091 0.00535091 0.0344551 0.00573425
21 P 3.56567 0.0026371 0.0173059 0.0214554 0.0026371 0.0026371 0.0304705 0.0469958 0.032323 0.0679503 0.0401094 0.0548936 0.0914491 0.263678 0.0393075 0.0026371 0.103178 0.0752662 0.0848636 0.0165367 0.00366837
22 F 3.22168 0.0444503 0.00279329 0.0797973 0.00279329 0.2793 0.038348 0.138137 0.0536739 0.00279329 0.0490008 0.00279329 0.0245568 0.00746912 0.0119734 0.00279329 0.0207962 0.00279329 0.0221391 0.0171461 0.196452
23 G 3.77283 0.0450099 0.0690863 0.00133363 0.0836534 0.0420533 0.133351 0.0398427 0.00555194 0.074268 0.0370467 0.00461432 0.114344 0.00575962 0.0733286 0.0131948 0.112173 0.00133363 0.00557852 0.052828 0.0856488
24 F 3.55084 0.00189239 0.0926527 0.029533 0.0308034 0.189228 0.0649968 0.0331561 0.0449091 0.00189239 0.0274262 0.137563 0.0288241 0.026212 0.00189239 0.00189239 0.00189239 0.0188743 0.0390257 0.0484999 0.178834
25 V 4.03496 0.0526245 0.0489566 0.0581642 0.000796564 0.0614157 0.0186701 0.053299 0.134673 0.0502052 0.0545187 0.0622785 0.00780416 0.00757789 0.0744054 0.0855829 0.0431798 0.0299452 0.0796527 0.0335015 0.0427489
26 A 3.5943 0.169841 0.0756396 0.00632375 0.00169855 0.123627 0.102348 0.0343174 0.0604683 0.0250766 0.0869202 0.00169855 0.0127454 0.00169855 0.0135138 0.00169855 0.130915 0.0409236 0.00169855 0.0603485 0.0484994
27 V 4.04484 0.0209732 0.0479576 0.000720551 0.0460403 0.0514654 0.0363489 0.0895823 0.0696234 0.0796226 0.0782717 0.0935587 0.0403523 0.0384346 0.00171691 0.0857453 0.037863 0.00924817 0.0720514 0.0435069 0.0569167
28 P 3.49182 0.116618 0.00148791 0.0328224 0.00148791 0.030131 0.253957 0.0600642 0.00148791 0.0365067 0.0519492 0.0240216 0.0370728 0.148786 0.0123251 0.0720638 0.026982 0.0534756 0.0357847 0.00148791 0.00148791
29 T 4.15335 0.0398827 0.0557253 0.0356103 0.0551804 0.0756086 0.0489215 0.0536494 0.0360654 0.0580297 0.0706232 0.0437641 0.0900532 0.00508251 0.0509009 0.0657937 0.0653383 0.0464677 0.0185789 0.00678218 0.0779422
30 K 4.06381 0.0601576 0.00935958 0.0222618 0.0339535 0.0384352 0.0527571 0.058661 0.0698588 0.0929536 0.0309144 0.0589007 0.026962 0.0554323 0.0374529 0.135151 0.0771169 0.0351906 0.0700434 0.00203042 0.0324074
31 N 4.21948 0.0371936 0.0604823 0.0186171 0.0559884 0.0397345 0.0231458 0.0591575 0.0478307 0.0609498 0.0875063 0.0752321 0.0677538 0.0295873 0.0505028 0.0438806 0.0554485 0.0356889 0.022176 0.0550762 0.0740478
32 P 4.25753 0.0492781 0.0297126 0.0673075 0.0370261 0.0129846 0.0420014 0.0466685 0.049704 0.0673865 0.0553534 0.0635753 0.0507791 0.0445061 0.0619396 0.0746677 0.0573494 0.0530086 0.0364025 0.044271 0.056078
33 D 3.05679 0.00311978 0.0403541 0.311938 0.14995 0.00311978 0.00635775 0.00311978 0.00688299 0.00311978 0.0206777 0.0409501 0.122802 0.00311978 0.0115655 0.00311978 0.00311978 0.034032 0.00311978 0.126508 0.103023
34 G 3.97123 0.0378839 0.0459438 0.0692992 0.06623 0.0101017 0.100363 0.150202 0.0227881 0.0374334 0.0326698 0.0580037 0.0415154 0.0297677 0.121403 0.0676966 0.0292874 0.00829264 0.0157225 0.0419651 0.0134316
35 T 2.68189 0.12021 0.00243068 0.00243068 0.00243068 0.00243068 0.0975632 0.0712317 0.00243068 0.00243068 0.00243068 0.0261311 0.00243068 0.0264154 0.020747 0.00243068 0.358566 0.243034 0.00350862 0.00243068 0.00828637
36 M 3.532 0.00550159 0.0554084 0.0345604 0.0293111 0.0407609 0.0113855 0.0331691 0.0793467 0.0687327 0.209436 0.158278 0.00158294 0.00158294 0.00579319 0.123748 0.0195192 0.00158294 0.0539743 0.00158294 0.0647434
37 N 4.22709 0.0713289 0.072817 0.0593027 0.0621866 0.0546437 0.0478157 0.048557 0.032013 0.0591185 0.0329697 0.042093 0.0464773 0.00291438 0.0599488 0.056069 0.0606666 0.0457337 0.0534462 0.0319819 0.0599164
38 L 3.38071 0.0574959 0.0643476 0.00192666 0.0063615 0.154292 0.00192666 0.00192666 0.114138 0.00192666 0.192656 0.0642561 0.00192666 0.0684713 0.00192666 0.00192666 0.00192666 0.0357606 0.140685 0.0282839 0.0578386
39 M 4.02758 0.0479017 0.0507793 0.0265975 0.118097 0.0599921 0.0503978 0.0385096 0.0329381 0.0317017 0.0783497 0.0958639 0.0296875 0.0218243 0.000958701 0.0464184 0.000958701 0.0685361 0.104032 0.0509539 0.045501
40 N 4.19949 0.0988713 0.0587144 0.0704919 0.083491 0.0516757 0.00886353 0.0657043 0.0420669 0.0471186 0.0483406 0.0489447 0.0502948 0.0231944 0.0550136 0.0357944 0.0641409 0.0339447 0.0493748 0.0308995 0.03306
41 W 3.22482 0.020919 0.0169761 0.00321723 0.166328 0.0833063 0.00321723 0.0431157 0.0165326 0.0595088 0.00997516 0.0341126 0.107987 0.00321723 0.0145181 0.00321723 0.0406565 0.00321723 0.0450574 0.321704 0.00321723
42 E 4.20167 0.0792797 0.0421424 0.0631285 0.0625939 0.0517407 0.0548158 0.0305786 0.0449177 0.0650496 0.0499891 0.0565926 0.0148044 0.00334178 0.0431821 0.0494988 0.0550016 0.063239 0.0706657 0.0356013 0.0638366
43 C 3.73862 0.0644331 0.107177 0.0345535 0.0238473 0.0330265 0.0997488 0.00107182 0.0573926 0.00107182 0.0150107 0.0601109 0.0909202 0.0435055 0.00212283 0.00107182 0.0674159 0.186897 0.0655313 0.0305822 0.0145091
44 A 4.01998 0.0562792 0.0108082 0.022549 0.0640476 0.0429245 0.0802079 0.0856742 0.0496088 0.116066 0.0481344 0.0723281 0.0318202 0.0165328 0.047202 0.000562798 0.0308585 0.0337588 0.0321777 0.0329138 0.125546
45 I 3.41439 0.00212234 0.171013 0.00403014 0.00124134 0.0512317 0.00714701 0.00124134 0.124123 0.00124134 0.0347805 0.140658 0.0113114 0.049686 0.00124134 0.0289144 0.0292634 0.100394 0.179694 0.0298358 0.0308307
46 P 4.12167 0.0825631 0.0862821 0.0227742 0.0377872 0.0215425 0.055182 0.0490456 0.0730952 0.0406602 0.0563961 0.0211909 0.0429529 0.123885 0.0104154 0.0443538 0.0508615 0.0358459 0.0777759 0.0228089 0.0445818
47 G 3.74326 0.0749636 0.0858382 0.00224807 0.00224807 0.0398225 0.224804 0.0389801 0.0312465 0.0987998 0.00224807 0.0602607 0.0458956 0.00224807 0.0407847 0.0176756 0.062341 0.0202239 0.0445196 0.0369933 0.067859
48 K 3.90756 0.0643189 0.0283642 0.0521016 0.0452594 0.000848614 0.0026875 0.049843 0.0339932 0.0848552 0.0881356 0.0640075 0.062532 0.119076 0.0576689 0.0938849 0.00947921 0.0772677 0.0616983 0.000848614 0.00312936
49 K 4.18171 0.0680952 0.0485437 0.0378631 0.0704291 0.0664451 0.0706215 0.0779266 0.0474108 0.0615312 0.022115 0.039163 0.0695877 0.0133738 0.0446106 0.0848568 0.00983413 0.0323263 0.057322 0.0383268 0.0396176
50 G 3.99626 0.0554928 0.0384458 0.0195006 0.0808445 0.0624743 0.0636552 0.06845 0.00621022 0.0858235 0.0468839 0.00179705 0.111853 0.000636569 0.0498449 0.074998 0.0662188 0.0143061 0.0311091 0.0399104 0.0815455
51 T 3.05893 0.00162448 0.186207 0.00162448 0.00162448 0.0311971 0.0529035 0.0538752 0.0020789 0.0323489 0.00162448 0.00162448 0.0680388 0.00162448 0.208487 0.00162448 0.17396 0.162423 0.00162448 0.00162448 0.0138613
52 P 4.25019 0.0671406 0.0374043 0.0410093 0.0701077 0.0384912 0.0745652 0.0670034 0.043924 0.0422084 0.0315417 0.0362665 0.0887373 0.0497635 0.0463032 0.0346152 0.0610343 0.0544518 0.0248487 0.04408 0.0465037
53 W 2.9532 0.00342958 0.00363397 0.0188009 0.0211542 0.186375 0.00342958 0.00342958 0.00342958 0.00342958 0.0287021 0.0214 0.162023 0.00342958 0.00342958 0.0160237 0.046484 0.00342958 0.0600884 0.34294 0.064938
54 E 3.9743 0.0572374 0.00584387 0.0250127 0.0911578 0.104081 0.0751951 0.0465776 0.044397 0.0577135 0.00845508 0.093732 0.0116969 0.000911614 0.0920317 0.0234199 0.0858511 0.0682482 0.0503072 0.0189218 0.0392086
55 G 4.18934 0.0443816 0.0578859 0.0783772 0.0508221 0.0928526 0.060087 0.0708037 0.0334317 0.0417157 0.0473416 0.0643843 0.0350556 0.0413271 0.0534845 0.0216727 0.0423906 0.0117074 0.0226791 0.0396926 0.0899069
56 G 2.74995 0.0543949 0.106026 0.00457181 0.00457181 0.00457181 0.457172 0.00457181 0.027741 0.00457181 0.00457181 0.144482 0.00457181 0.0535312 0.00908697 0.00457181 0.00907669 0.00457181 0.0428168 0.00457181 0.0499548
57 L 4.13663 0.0209388 0.0739517 0.0141981 0.0763007 0.042154 0.0191873 0.119284 0.0562932 0.0504172 0.0748186 0.0566931 0.0496463 0.0172773 0.0687774 0.0698414 0.0554224 0.0288741 0.0401727 0.0379391 0.0278124
58 F 3.55418 0.0420366 0.0279983 0.0431951 0.032683 0.192276 0.0237164 0.00192285 0.0356597 0.0209512 0.0167048 0.0687488 0.00192285 0.0211328 0.0535662 0.0155156 0.0085581 0.03708 0.110303 0.011549 0.234479
59 K 4.25703 0.0386442 0.0594396 0.0317946 0.0482272 0.065239 0.0281195 0.0786019 0.0399919 0.0544101 0.0447816 0.023821 0.0526909 0.0332752 0.0481169 0.0643064 0.0572679 0.052582 0.0552295 0.0800482 0.0434125
60 L 3.59934 0.0972394 0.127557 0.00100003 0.00100003 0.152392 0.056091 0.0134948 0.115916 0.0120383 0.1 0.100848 0.00100003 0.00100003 0.0114676 0.0125848 0.0231939 0.0624289 0.0619103 0.00724823 0.0415896
61 R 4.28397 0.0452234 0.054011 0.0513222 0.0446953 0.0482972 0.0369395 0.0450479 0.036306 0.0721206 0.0509437 0.0440111 0.0742781 0.0396135 0.0551354 0.0585315 0.0581656 0.0696257 0.0449135 0.031702 0.039117
62 M 3.52194 0.0890922 0.0834962 0.0134529 0.00129063 0.176628 0.00740083 0.0191629 0.0937578 0.0221729 0.0721184 0.129056 0.00129063 0.00840092 0.0115483 0.00129063 0.0100565 0.0708853 0.138251 0.00129063 0.0493582
63 L 4.10894 0.0448511 0.0184148 0.0666012 0.0856681 0.0622169 0.0631709 0.0539901 0.0494285 0.0596294 0.0514284 0.0652956 0.0442232 0.000514289 0.07073 0.0558096 0.0665384 0.0293931 0.0769078 0.000514289 0.0346743
64 F 3.53532 0.0521426 0.0464367 0.142378 0.0229149 0.0967212 0.00484243 0.00464927 0.0683561 0.000967226 0.0759482 0.219978 0.0254285 0.0133263 0.0189603 0.000967226 0.000967226 0.00958645 0.0982636 0.0251773 0.0719888
65 K 4.07434 0.0102933 0.050445 0.00900373 0.0840361 0.0254847 0.0435464 0.0514617 0.0702437 0.0496066 0.0732675 0.0968805 0.074131 0.044564 0.0682072 0.0653887 0.0555857 0.0758291 0.0194178 0.000496072 0.032111
66 D 4.22262 0.0572436 0.0694364 0.0635512 0.0630915 0.0438243 0.0515647 0.0656998 0.0453206 0.0419674 0.0655682 0.054079 0.0513774 0.0606533 0.0580883 0.00361317 0.0453624 0.0687265 0.030839 0.0275868 0.0324064
67 D 4.14465 0.0601858 0.058751 0.0597193 0.0627155 0.0926201 0.0793 0.0957551 0.0122999 0.0264073 0.0194208 0.0642605 0.057668 0.0459937 0.045598 0.0275937 0.0662412 0.0482754 0.0423577 0.0134194 0.0214176
68 Y 3.24043 0.0269843 0.0369434 0.00262246 0.00262246 0.167204 0.00262246 0.113935 0.00262246 0.00262246 0.00262246 0.0857927 0.00262246 0.00262246 0.00262246 0.0820941 0.0245672 0.0660158 0.0248868 0.0857549 0.26222
69 P 2.70699 0.0545091 0.0247233 0.00894771 0.00473144 0.0489275 0.00473144 0.00473144 0.00473144 0.121928 0.00473144 0.00473144 0.00473144 0.473118 0.00473144 0.00473144 0.00473144 0.0385028 0.0624529 0.114845 0.00473144
70 S 4.17754 0.0688174 0.0669475 0.013327 0.0395081 0.0379178 0.0741672 0.0582982 0.0828639 0.0196766 0.0721239 0.0445061 0.0803223 0.00796462 0.0547035 0.035135 0.0556534 0.0558827 0.0389849 0.0393053 0.0538945
71 S 4.0564 0.0819491 0.0426943 0.107963 0.118122 0.0184262 0.0867713 0.073048 0.0259725 0.0490388 0.0152559 0.0172433 0.0400435 0.016212 0.0520826 0.0283522 0.0522906 0.0470527 0.0112609 0.0730602 0.0431607
72 P 3.43629 0.162732 0.116563 0.00639629 0.0133397 0.00142192 0.0362163 0.0172432 0.00142192 0.0193521 0.00142192 0.00142192 0.141382 0.142189 0.0901807 0.0348869 0.115558 0.0244329 0.0687017 0.00371793 0.00142192
73 P 3.10047 0.13176 0.102207 0.00128244 0.00128244 0.00657414 0.00128244 0.00128244 0.0666349 0.00128244 0.0291668 0.222181 0.00128244 0.128239 0.00128244 0.00426466 0.0285265 0.102089 0.166519 0.00128244 0.00157827
74 K 4.2144 0.0585171 0.0652181 0.0540591 0.0596186 0.0609606 0.0526857 0.0559796 0.0569242 0.0320738 0.054611 0.061061 0.0559393 0.0187036 0.0473711 0.0442354 0.0610256 0.0508555 0.0506124 0.00032073 0.0592277
75 C 3.57215 0.0456807 0.0589581 0.00316271 0.00114339 0.101821 0.0578577 0.00325473 0.161715 0.000589583 0.113718 0.0553898 0.0166665 0.102851 0.000589583 0.0136115 0.0594504 0.0374111 0.147347 0.0164947 0.00228823
76 K 4.2079 0.0543625 0.0325902 0.0782797 0.0591493 0.0622575 0.0437409 0.0625023 0.0485141 0.0352637 0.0492124 0.0402039 0.0604983 0.000352636 0.0453719 0.0497079 0.0590786 0.0602386 0.0418197 0.0369458 0.07991
77 F 2.4323 0.00508399 0.011495 0.00508399 0.0209556 0.508381 0.00508399 0.00508399 0.0216578 0.00508399 0.170438 0.0635525 0.00508399 0.00508399 0.00508399 0.00508399 0.00508399 0.126501 0.00508399 0.00508399 0.0160109
78 E 4.17742 0.0467323 0.0210657 0.0529145 0.0514406 0.0444785 0.0592337 0.0549398 0.0398189 0.0817474 0.0401182 0.0736868 0.066541 0.00126461 0.048566 0.075548 0.0450186 0.039668 0.0868011 0.0450526 0.0253636
79 P 4.30054 0.0632087 0.0415682 0.0478804 0.0504503 0.0367478 0.0481433 0.0576986 0.055629 0.051324 0.0352885 0.0437798 0.060354 0.0361841 0.045875 0.0572291 0.0517334 0.0438714 0.0539782 0.053284 0.0657722
80 P 4.23336 0.06855 0.01464 0.0565867 0.0465208 0.0544103 0.0603837 0.0583772 0.0234062 0.0454979 0.0302595 0.0687305 0.0649037 0.0548747 0.0386669 0.048681 0.0446506 0.0596067 0.0218496 0.0690604 0.0703437
81 L 2.98668 0.047092 0.0317886 0.00194032 0.00194032 0.065853 0.00953257 0.00194032 0.236084 0.00602585 0.194026 0.161025 0.00194032 0.0237903 0.00194032 0.0104497 0.00510005 0.0108177 0.184833 0.00194032 0.00194032
82 F 3.14688 0.0125581 0.0273873 0.00304095 0.0356294 0.304081 0.0264491 0.0923291 0.0215341 0.00304095 0.0803688 0.0546489 0.00304095 0.00304095 0.00304095 0.00304095 0.00304095 0.0404228 0.00512303 0.213574 0.0646078
83 H 1.98987 0.00690644 0.00690644 0.0424348 0.00690644 0.0379433 0.00690644 0.690608 0.0176732 0.0908629 0.0111623 0.00690644 0.00690644 0.00690644 0.00690644 0.00690644 0.00690644 0.00690644 0.0101012 0.016337 0.00690644
84 P 3.54115 0.0821969 0.056997 0.0425404 0.000824711 0.000824711 0.00296334 0.000824711 0.108624 0.000824711 0.136515 0.121002 0.0548317 0.0824651 0.0340267 0.000824711 0.00544518 0.062408 0.15591 0.00468244 0.0452686
85 N 3.0596 0.0858855 0.121236 0.00305934 0.0442874 0.0595771 0.00305934 0.00305934 0.00305934 0.00305934 0.00305934 0.0403023 0.305912 0.00305934 0.00305934 0.0157797 0.200379 0.00305934 0.0465195 0.0495268 0.00305934
86 V 3.37384 0.094724 0.126279 0.0182627 0.00169295 0.0539759 0.00169295 0.00799245 0.081944 0.0709704 0.0235784 0.169337 0.00399822 0.00169295 0.00214406 0.00169295 0.116225 0.00169295 0.169283 0.00169295 0.0511277
87 Y 2.82319 0.00261572 0.00261572 0.00261572 0.0223324 0.382658 0.0114991 0.0420746 0.0361699 0.0105661 0.0321123 0.073161 0.00261572 0.00261572 0.0170159 0.00261572 0.00261572 0.0375137 0.0269937 0.028045 0.261548
88 P 4.20419 0.0478766 0.0809934 0.0707122 0.0756598 0.0427828 0.0487795 0.0490281 0.0664052 0.0331187 0.0452395 0.0442108 0.0237248 0.0355753 0.0900822 0.0542636 0.0466578 0.0546228 0.0211179 0.0115045 0.0576444
89 S 4.14509 0.0433308 0.0943352 0.0438945 0.0578765 0.0418123 0.0493197 0.105665 0.0503323 0.0355538 0.0271641 0.0760241 0.017326 0.0317056 0.0910998 0.0363864 0.0399736 0.0400155 0.0158293 0.0240546 0.0783007
90 G 2.89581 0.0562262 0.101494 0.00298316 0.00298316 0.00298316 0.298309 0.00298316 0.0276255 0.00298316 0.00298316 0.064799 0.00298316 0.0874628 0.00298316 0.00298316 0.0178078 0.00298316 0.0494177 0.00298316 0.264044
91 T 4.08796 0.0637523 0.155514 0.0138296 0.0467517 0.050599 0.0825414 0.0563649 0.0463514 0.00674406 0.0456122 0.0287978 0.0308625 0.0496969 0.0525569 0.021268 0.0682528 0.0347605 0.0590677 0.029954 0.0567224
92 V 3.43584 0.115915 0.0899535 0.0465133 0.00161711 0.0368449 0.00161711 0.00259122 0.0591851 0.00161711 0.193643 0.00161711 0.00161711 0.0721366 0.00161711 0.00161711 0.0850128 0.0620094 0.161705 0.0168481 0.0463215
93 C 3.48824 0.0985878 0.257859 0.0279734 0.0543008 0.0891179 0.00366994 0.0381004 0.0677906 0.0151926 0.0622645 0.0702968 0.0791678 0.0025787 0.0303771 0.0025787 0.0025787 0.0025787 0.0898287 0.0025787 0.0025787
94 L 3.43769 0.0651125 0.0778098 0.00879865 0.023538 0.100208 0.00140535 0.013422 0.0875741 0.00140535 0.140536 0.0426975 0.0238395 0.00140535 0.00140535 0.00140535 0.0602542 0.00966415 0.247863 0.0217411 0.0699136
95 S 3.0187 0.0222721 0.0544902 0.00230073 0.0291269 0.00230073 0.00230073 0.00230073 0.0377972 0.0220116 0.0145144 0.00230073 0.287956 0.00230073 0.00569183 0.00230073 0.230042 0.149782 0.00367131 0.0717931 0.0547473
96 I 3.71019 0.00104439 0.0693515 0.0330584 0.00104439 0.0124025 0.0272587 0.0221174 0.104434 0.00869059 0.0668552 0.059297 0.028946 0.00104439 0.023863 0.059889 0.0933456 0.189095 0.131375 0.0378771 0.0290104
97 L 3.98199 0.0376566 0.181229 0.0330107 0.0365307 0.0179178 0.0341797 0.0434168 0.0773154 0.032305 0.0416076 0.0407989 0.0393296 0.0348732 0.0376174 0.0357177 0.0317746 0.143368 0.0624805 0.0268357 0.0120355
98 E 4.05195 0.0813996 0.0114694 0.0829205 0.028428 0.0481983 0.0655075 0.0505632 0.0799855 0.0426145 0.0243918 0.0356416 0.0918974 0.0237981 0.0582958 0.0121902 0.118572 0.0163011 0.0224333 0.0219812 0.0834108
99 E 4.20669 0.0504281 0.0425615 0.0977375 0.0527353 0.0432469 0.0799904 0.0242626 0.0468941 0.0455996 0.0489876 0.0603637 0.0594051 0.0467848 0.0698586 0.0400563 0.0488473 0.00824022 0.0440562 0.0236269 0.0663171
100 D 4.12443 0.0469458 0.00968973 0.0382675 0.0191201 0.0416995 0.0476995 0.0548571 0.0936674 0.0394024 0.0449025 0.104148 0.0538961 0.0322519 0.0526034 0.0189009 0.116636 0.0355806 0.0683081 0.0304093 0.0510143
101 K 4.2168 0.0899661 0.0581134 0.0594281 0.046604 0.0393107 0.0305123 0.0642605 0.0266589 0.0464708 0.0577705 0.0236948 0.074557 0.0251585 0.0315015 0.0559026 0.056134 0.0619452 0.0544901 0.0216081 0.0759129
102 D 3.91435 0.0839444 0.0649772 0.0743044 0.0569528 0.0395942 0.119313 0.097546 0.0186525 0.0323581 0.00542536 0.0752065 0.0478789 0.000743081 0.000743081 0.000743081 0.0970226 0.0446009 0.0407805 0.0549282 0.0442848
103 W 2.28587 0.00250316 0.00250316 0.00250316 0.00250316 0.201827 0.00250316 0.0694548 0.00329374 0.00250316 0.00250316 0.0424284 0.00250316 0.00250316 0.00250316 0.00250316 0.00250316 0.00250316 0.00250316 0.250297 0.397655
104 R 3.32567 0.131057 0.147944 0.0467614 0.0365287 0.00169384 0.0141376 0.00169384 0.00169384 0.147321 0.00814864 0.00472284 0.00169384 0.00169384 0.0216594 0.169363 0.135737 0.0868343 0.02613 0.0134922 0.00169384
105 P 3.40672 0.180178 0.131609 0.00128734 0.0715836 0.00128734 0.102229 0.00128734 0.0497957 0.00128734 0.00128734 0.0839804 0.00128734 0.128727 0.00195288 0.0256712 0.108146 0.0406568 0.0590188 0.00556658 0.0031612
106 A 3.2714 0.13389 0.0967892 0.00722177 0.0177949 0.00133905 0.118587 0.00133905 0.0567379 0.00133905 0.0462125 0.00133905 0.00133905 0.0218097 0.0248157 0.00133905 0.190919 0.139226 0.135284 0.00133905 0.00133905
107 I 4.04169 0.0688045 0.0926379 0.047412 0.0492081 0.050295 0.0584913 0.0524222 0.0596782 0.0131539 0.0762679 0.0647974 0.0826135 0.0010728 0.0562552 0.0152309 0.0660875 0.0417912 0.0872304 0.000596781 0.0159535
108 T 4.27556 0.0665794 0.0521382 0.0253275 0.0450382 0.0617126 0.0283987 0.0480717 0.0550303 0.0443794 0.0589281 0.0490851 0.0520813 0.0298385 0.0593233 0.0556762 0.0524743 0.0352385 0.0563473 0.0505929 0.0737385
109 I 3.53533 0.139665 0.0453768 0.00304177 0.00140173 0.0629065 0.0261843 0.00968999 0.140166 0.00140173 0.125339 0.131759 0.00140173 0.0112639 0.0215903 0.0127327 0.0152083 0.0440694 0.124876 0.0772289 0.00469609
110 K 4.01717 0.0107918 0.0370787 0.0442915 0.0377209 0.0138622 0.0231979 0.0720748 0.0454986 0.121408 0.0306133 0.0330167 0.0684996 0.082606 0.0673146 0.128555 0.0417084 0.0241702 0.0852281 0.0118764 0.0204868
111 Q 4.29695 0.0460583 0.0585678 0.0376867 0.0356551 0.0531241 0.0608728 0.050495 0.0507234 0.0613501 0.0416474 0.0421102 0.0442301 0.0640273 0.0346493 0.0593861 0.0634432 0.0406915 0.0496325 0.048664 0.0569852
112 I 3.80761 0.0395761 0.0596626 0.0134623 0.00634906 0.102843 0.0145793 0.0669447 0.0632985 0.0288566 0.104378 0.0979529 0.074381 0.000632986 0.0741734 0.0166829 0.0238573 0.128588 0.0802515 0.00289657 0.000632986
113 L 3.61513 0.133372 0.11979 0.00106749 0.00106749 0.0314806 0.010153 0.00106749 0.111281 0.00106749 0.106747 0.0909154 0.0160078 0.0242124 0.023846 0.00567581 0.0869152 0.0921155 0.0950857 0.00736879 0.0407647
114 L 4.29248 0.0532982 0.0594033 0.0317324 0.04126 0.0461162 0.0447309 0.0437136 0.0462394 0.0444801 0.0484227 0.0544334 0.0503124 0.0673667 0.0493135 0.032556 0.0498944 0.0506195 0.0771374 0.0590737 0.0498961
115 G 2.5458 0.11954 0.132678 0.00486994 0.00676094 0.00486994 0.486978 0.00486994 0.00486994 0.00486994 0.00486994 0.0108811 0.00486994 0.0390463 0.00486994 0.00486994 0.0460874 0.00486994 0.00486994 0.00486994 0.0995896
116 I 3.63432 0.137937 0.127018 0.0277935 0.0127166 0.0278204 0.011554 0.0596902 0.0695809 0.000695819 0.13333 0.115611 0.000695819 0.000695819 0.019875 0.0191006 0.0586347 0.085282 0.078334 0.000695819 0.0129392
117 Q 4.20977 0.0901853 0.0669844 0.0265251 0.0412386 0.0680204 0.065746 0.0793996 0.0240049 0.0319572 0.040286 0.0330989 0.0466692 0.0351481 0.0658155 0.0599965 0.059705 0.0682204 0.0199592 0.0308019 0.0462377
118 E 4.22446 0.0385793 0.0434853 0.0697434 0.0607507 0.10655 0.044904 0.0590363 0.0456821 0.0529113 0.0504967 0.0456934 0.064511 0.0106882 0.0420639 0.0543959 0.028862 0.0422941 0.0539534 0.0318366 0.0535623
119 L 3.1455 0.00128211 0.0258625 0.0124447 0.021228 0.268501 0.00149414 0.0535767 0.019146 0.00128211 0.128205 0.101571 0.00871998 0.00128211 0.00128211 0.00128211 0.0260527 0.00128211 0.0443291 0.0895746 0.191602
120 L 3.42821 0.051945 0.0417501 0.00210941 0.00210941 0.0661334 0.0116091 0.00210941 0.0918912 0.00210941 0.210935 0.186497 0.00210941 0.00210941 0.039911 0.00602595 0.00520255 0.0740116 0.0544504 0.0622888 0.0846931
121 N 4.20772 0.0552741 0.0522607 0.0776841 0.066418 0.00720784 0.0371714 0.0409113 0.0432773 0.0487509 0.0161946 0.065451 0.0619184 0.0280539 0.0699972 0.0567267 0.0603933 0.0604398 0.0729959 0.0385415 0.040332
122 E 4.20799 0.0566778 0.0689649 0.0641944 0.0578263 0.0483351 0.0327076 0.0460892 0.0347218 0.0326409 0.0431895 0.0599216 0.0680312 0.000578262 0.0595501 0.0484432 0.052766 0.0770861 0.0618885 0.0327414 0.0536463
123 P 2.50021 0.108069 0.049418 0.00459007 0.00459007 0.00459007 0.00459007 0.00459007 0.0597691 0.00459007 0.00459007 0.00459007 0.00459007 0.458994 0.00459007 0.00459007 0.00459007 0.00459007 0.212931 0.00459007 0.0465579
124 N 3.30601 0.0441163 0.17096 0.00180239 0.00180239 0.097404 0.0540498 0.112935 0.0093497 0.00180239 0.00180239 0.0113552 0.180218 0.0111537 0.00180239 0.0062021 0.0479313 0.00180239 0.00180239 0.117484 0.124224
125 I 3.90104 0.0511938 0.0966909 0.0239561 0.0248913 0.0785105 0.00109851 0.0026906 0.109845 0.0106723 0.0803751 0.0641394 0.0555349 0.0464651 0.0362013 0.00651635 0.0594474 0.0675017 0.0961851 0.0868438 0.00124116
126 Q 4.25887 0.0494351 0.0625784 0.0412244 0.0613056 0.0321727 0.0470755 0.0414813 0.0553714 0.05378 0.0426279 0.0464962 0.0425094 0.0135407 0.0519663 0.070145 0.0619935 0.0705043 0.0733579 0.0436799 0.0387546
127 D 3.08687 0.0455339 0.00186124 0.1861 0.158767 0.0144267 0.144366 0.00795155 0.00186124 0.00186124 0.00186124 0.00186124 0.0550561 0.00186124 0.00186124 0.00186124 0.128338 0.0570858 0.00186124 0.00186124 0.183762
128 P 3.39125 0.16262 0.0671109 0.0121962 0.00718244 0.00135524 0.148862 0.00135524 0.0185696 0.0214348 0.00135524 0.00796666 0.00794894 0.135517 0.0264506 0.11239 0.165006 0.0652687 0.00135524 0.0144494 0.0216061
129 A 2.75552 0.462505 0.11291 0.0315685 0.0046253 0.0046253 0.0413438 0.0324484 0.0046253 0.0046253 0.0046253 0.0046253 0.0679962 0.0123714 0.0046253 0.0046253 0.0905813 0.0046253 0.0046253 0.0046253 0.0973969
130 Q 3.97202 0.0914918 0.0412791 0.031097 0.0423185 0.0366721 0.000895527 0.0719683 0.04267 0.00474581 0.0930238 0.0461313 0.0982515 0.000895527 0.089546 0.0728091 0.050617 0.0471701 0.0141791 0.0966858 0.0275526
131 A 4.0453 0.0652501 0.0800705 0.0359244 0.0456028 0.00295989 0.074843 0.0671711 0.00737768 0.0512526 0.0528221 0.0186502 0.0808048 0.0497247 0.0697539 0.0163082 0.0757051 0.0789069 0.0743195 0.000652512 0.0519001
132 E 4.19179 0.0650022 0.052992 0.11041 0.0880335 0.0244706 0.0670521 0.0567695 0.022225 0.0322867 0.0581661 0.0553835 0.0474197 0.0306828 0.0547904 0.0491258 0.0436764 0.0483564 0.0443809 0.0170159 0.0317609
133 A 3.45353 0.178413 0.117997 0.0117632 0.00178423 0.0475592 0.0680612 0.0237898 0.0134218 0.0149222 0.0768073 0.00178423 0.00178423 0.159566 0.00554861 0.0122043 0.167566 0.0252805 0.0332823 0.00178423 0.036681
134 Y 3.91728 0.111136 0.0574111 0.0290398 0.0388387 0.0777687 0.0185146 0.0223827 0.0489956 0.0144532 0.0172188 0.0922596 0.0252049 0.0189879 0.0251014 0.00137052 0.123907 0.0263093 0.0656913 0.0483687 0.13704
135 T 4.12169 0.0671966 0.106534 0.0275937 0.0572008 0.053113 0.0182194 0.0099672 0.0568775 0.0186383 0.0641757 0.0416452 0.028085 0.0113617 0.0603212 0.0651826 0.0555658 0.0620836 0.0940505 0.0660801 0.0361086
136 I 4.09623 0.0650955 0.0468421 0.0546924 0.0671458 0.0795967 0.000708875 0.0309059 0.0708851 0.0332191 0.0549846 0.0605237 0.0273557 0.000708875 0.0717892 0.0169768 0.0759712 0.0471138 0.0579367 0.0773613 0.0601866
137 Y 3.0491 0.00252135 0.018843 0.00252135 0.00252135 0.152732 0.00252135 0.0181639 0.070891 0.063913 0.0798918 0.227996 0.00252135 0.00252135 0.0529306 0.00252135 0.00252135 0.0373052 0.00252135 0.00252135 0.25212
138 C 4.04101 0.054688 0.0581689 0.0352461 0.0965406 0.0308427 0.0294382 0.0321021 0.0677334 0.073015 0.0235067 0.04968 0.094746 0.000581697 0.0486342 0.0649333 0.0698655 0.105246 0.0322456 0.0322042 0.000581697
139 Q 4.18259 0.0500065 0.0493788 0.0724718 0.0704997 0.0287958 0.0259169 0.0581877 0.0291745 0.0485444 0.0544772 0.0619155 0.0547159 0.021958 0.064111 0.0795235 0.0275655 0.0676501 0.0063143 0.0446611 0.0841318
140 N 3.70415 0.173174 0.010773 0.113221 0.0861676 0.0529123 0.00481679 0.0616475 0.000887814 0.0357679 0.000887814 0.0168063 0.0887775 0.0248494 0.106982 0.0635433 0.0756263 0.00698854 0.000887814 0.0347674 0.0405156
141 R 4.19255 0.0452889 0.0526448 0.0319881 0.00450694 0.0539018 0.0332683 0.0709488 0.0554312 0.0462916 0.0419478 0.098987 0.0687896 0.0663377 0.0712371 0.0574538 0.0291118 0.0547208 0.0470218 0.0239985 0.0461234
142 V 4.28958 0.0441684 0.050963 0.0605222 0.0570936 0.0410469 0.0469177 0.0453218 0.0495156 0.0680232 0.0412638 0.0491815 0.0811978 0.048719 0.0399253 0.0512785 0.0588153 0.0449812 0.0394838 0.0310848 0.0504965
143 E 4.22554 0.0683831 0.0589231 0.0599932 0.0676831 0.0260327 0.0496549 0.0506869 0.0384246 0.0546717 0.051484 0.0680618 0.0643762 0.0138717 0.0607571 0.0193062 0.0801701 0.0305175 0.0518029 0.036934 0.0482653
144 Y 2.41102 0.00466173 0.00466173 0.227183 0.00466173 0.0651248 0.0295794 0.00466173 0.00516174 0.00466173 0.00466173 0.00466173 0.00466173 0.0226802 0.00466173 0.00466173 0.00466173 0.00466173 0.00466173 0.123502 0.466166
145 E 4.12636 0.0607218 0.0336548 0.0690685 0.0599225 0.0375033 0.0155091 0.0499538 0.0398653 0.0375333 0.0799291 0.0533464 0.0984552 0.000599223 0.0494359 0.0773965 0.0197392 0.0659896 0.0707038 0.023439 0.0572335
146 K 4.1295 0.069869 0.0459777 0.0704029 0.0642853 0.0288233 0.0478397 0.0671805 0.0458694 0.0508746 0.0428254 0.0733307 0.043655 0.000508744 0.0353744 0.050737 0.0865009 0.06283 0.0606701 0.000508744 0.0519367
147 R 4.00484 0.0569145 0.0621915 0.000712421 0.054836 0.00460206 0.0134078 0.0417181 0.0388274 0.0787128 0.0994397 0.0758646 0.0183446 0.00525968 0.0688552 0.0712402 0.0693131 0.102324 0.0656045 0.0379128 0.0339189
148 V 2.63793 0.141313 0.195914 0.00200473 0.00200473 0.00200473 0.00961822 0.00200473 0.326064 0.00200473 0.0539745 0.00200473 0.00200473 0.0276195 0.00200473 0.00200473 0.00926677 0.00969664 0.200464 0.00602223 0.00200473
149 R 4.19391 0.0219917 0.0186419 0.0384805 0.0464482 0.0450911 0.0260972 0.0594433 0.0878181 0.0768399 0.0522352 0.0509148 0.0497238 0.0131211 0.0842679 0.0769403 0.0620402 0.0502207 0.0460659 0.0547981 0.0388201
150 A 4.24172 0.0485747 0.0387563 0.0526322 0.0371347 0.0377543 0.052564 0.0567564 0.0689695 0.0529167 0.0597526 0.0297859 0.0466188 0.0283491 0.113529 0.0489224 0.0506734 0.0429826 0.0445908 0.0304332 0.0583033
151 Q 3.65217 0.00910061 0.0722091 0.0134699 0.0203596 0.0693503 0.0577327 0.0268236 0.121989 0.0507953 0.0779656 0.0679741 0.0855612 0.00213854 0.213828 0.00213854 0.0148586 0.0260189 0.00213854 0.00213854 0.0634095
152 A 3.13649 0.258935 0.0148737 0.00258956 0.00258956 0.0879162 0.0946293 0.00258956 0.0159971 0.00258956 0.00258956 0.0240143 0.174841 0.00258956 0.00608292 0.00258956 0.135536 0.113694 0.0286041 0.0241594 0.00258956
153 K 4.05674 0.102168 0.0516517 0.104788 0.0743972 0.0371557 0.000555674 0.0336085 0.0818777 0.0555666 0.0461946 0.0664178 0.0734496 0.0175694 0.0370077 0.0655021 0.0465885 0.0276944 0.00935361 0.0143425 0.0541104
154 K 4.05799 0.0685342 0.048962 0.0663821 0.0563954 0.0103388 0.00169739 0.041176 0.0325431 0.0666512 0.0669938 0.0415925 0.0472483 0.000666529 0.0726983 0.0753022 0.0976583 0.0615928 0.0834058 0.0160101 0.0441512
155 F 3.90777 0.0798282 0.062728 0.0491349 0.0559384 0.0685072 0.0210823 0.0480841 0.0400139 0.0189547 0.0496072 0.0153086 0.16711 0.000685076 0.0962494 0.0333161 0.0560435 0.00582153 0.0659188 0.000685076 0.0649833
156 A 4.17209 0.0653245 0.0493086 0.108104 0.0809574 0.0558881 0.0350806 0.0717118 0.0400353 0.0136864 0.022602 0.039564 0.0124829 0.0490442 0.067464 0.0695822 0.0489281 0.0550829 0.0407827 0.038068 0.0363022
157 P 4.28096 0.0616671 0.0418151 0.048134 0.0506203 0.0505931 0.0399262 0.0442369 0.044532 0.0799959 0.0257966 0.0591238 0.0433778 0.0526939 0.0644014 0.0293854 0.0541256 0.0485209 0.0453087 0.0602267 0.0555186
158 S 4.10033 0.0808326 0.048595 0.000630086 0.0173039 0.0399895 0.0197002 0.0602198 0.0589057 0.0480353 0.0585131 0.0840471 0.0554049 0.0708285 0.0551358 0.0530185 0.0630065 0.0777333 0.0556617 0.0518085 0.000630086
